start_date :  1994-01-01 
timesteps :  2557 

additional_timeseries : 
"observed Q mm/day"

inputs : 

"Air temperature" :
-0.9616136
0.2381146
1.389251
0.1068918
0.0594366
0.947311
1.260656
-0.6205834
1.93058
3.498827
2.794394
3.36037
3.919055
3.371766
0.2182305
-1.16611
0.1088259
1.733791
2.094771
3.83191
6.571568
3.945612
1.527449
3.573107
2.664986
3.046244
2.176038
0.7263446
2.619786
2.719874
3.580218
4.377588
1.406871
0.8444451
2.651876
3.74168
2.842724
1.47573
1.952675
3.009172
1.782017
1.737886
2.421468
-0.4302777
-1.182579
-1.211653
-2.337183
-3.415485
-1.478228
0.2555863
-0.4773222
-2.570021
-2.395128
-1.987526
-0.5628192
-0.7367761
0.287206
1.637153
1.750728
1.565894
3.084886
3.311378
4.754457
4.580553
4.720926
6.895917
8.093139
4.178042
3.993453
4.0115
2.89673
4.654065
5.302068
2.858702
1.144524
1.774746
1.571547
1.649575
1.429354
2.157154
4.915316
7.506152
4.31805
5.238022
2.962767
2.66047
6.112337
5.41874
4.994612
4.629428
4.532544
2.691512
2.914564
1.844356
2.472953
3.24083
3.285442
0.8330692
1.54916
3.807003
3.631637
5.528235
4.323129
4.019463
4.399773
5.010156
6.121251
4.790251
5.907894
4.558447
3.31559
5.495371
7.430172
8.144272
4.89086
6.810701
10.06999
11.17855
11.18565
8.385736
7.31101
10.03326
8.127025
7.275305
7.217903
7.288615
7.497067
6.078971
6.442954
8.304001
9.743232
11.05601
10.45484
9.981201
6.712088
5.889332
5.257903
3.738612
3.514181
5.228947
7.386674
7.945339
7.165394
6.414551
7.270856
5.590424
5.259627
6.109475
8.283549
8.364974
11.19151
11.07227
10.65355
10.7763
8.705497
8.859462
11.46134
11.06626
8.064262
9.231629
9.969825
10.07066
12.29688
12.76242
10.33279
10.251
9.609711
10.64302
10.62331
12.43126
12.76117
11.47673
10.40414
9.520029
13.96732
12.63406
10.92979
14.12452
15.29288
12.53215
12.4149
13.47249
12.71939
14.02963
14.39325
13.53025
12.08997
12.73601
14.05802
12.98443
13.73475
14.18458
14.48943
13.12652
12.35276
13.01215
11.7969
12.14433
11.92616
12.97255
15.84819
14.57289
13.40509
13.39089
14.15494
15.93716
16.31393
13.93228
13.13412
13.19109
15.10275
16.79276
16.56686
15.28688
15.40993
16.62911
15.0079
12.21631
12.8799
13.19303
11.96046
11.58782
11.94323
11.92256
9.25911
8.74446
11.83962
11.41915
11.46687
10.84207
13.15303
12.4407
12.30253
11.7233
13.44454
11.4289
11.9596
12.48663
10.08413
10.01287
12.04308
10.7496
10.15566
11.72982
10.33662
10.56075
12.29717
10.5144
9.370257
8.922575
9.508552
8.201329
9.216046
10.94633
9.086567
9.293211
8.55945
8.296976
7.875621
8.080369
7.03001
9.047784
9.561884
11.07406
11.10264
11.69718
8.845788
8.474428
9.015036
10.24973
8.427953
11.60361
12.55152
9.219735
9.637034
3.569536
3.058002
6.578255
8.742653
11.25482
9.365767
8.163975
8.958382
8.44815
7.922001
7.035532
7.796452
8.091881
5.749768
4.521958
5.362684
7.181862
9.131689
8.650511
9.850125
8.815147
7.112194
6.920301
5.920431
5.531945
5.850461
3.954145
5.276751
7.205302
6.886442
3.648194
7.352448
9.547274
7.11506
7.42238
6.633515
7.501976
9.243667
8.271752
7.540965
7.859492
9.455146
9.14762
7.300462
6.115988
4.879847
7.046412
7.093304
7.529989
6.939527
8.292294
10.9664
5.915177
6.54878
9.245361
8.29384
5.325139
3.059565
1.321955
4.171482
5.738536
7.179412
3.242188
2.321488
2.93763
3.628904
2.70974
4.833145
8.110068
10.06133
8.702321
3.913303
-0.7896221
1.266116
4.174398
5.023615
2.436884
1.709886
1.356744
-1.860469
-1.446626
1.074508
4.912219
4.802552
2.572519
1.9677
3.682483
4.408873
3.973612
0.1190361
-1.776418
-1.769099
-3.588431
0.5461946
3.345933
3.346566
4.057415
3.835673
5.026518
2.951027
-0.232731
1.256104
2.584242
6.540798
3.218076
4.501181
2.572841
1.362907
0.810896
0.7452947
1.082083
1.623445
1.700618
2.212921
-1.014323
-0.8131316
-1.061553
0.04459466
1.582097
0.3421403
0.5400299
4.470575
2.73908
3.689467
5.750015
6.200586
7.77469
3.465173
-1.577321
-2.802552
-1.627825
2.742274
4.724773
3.911919
4.486279
4.488578
3.572922
2.90821
2.876042
3.201069
2.493086
2.240776
2.426533
2.445032
0.7017833
1.114013
0.2867337
3.812872
5.865329
1.193184
-0.3111358
-2.541029
-2.042194
0.2841875
0.9050826
-0.1437554
0.0313735
1.960892
4.80804
5.963294
3.102097
6.498227
4.543258
0.7117571
1.814097
1.881164
2.171897
1.596971
2.031782
2.339567
4.368915
6.561058
5.265802
3.439843
4.701284
0.212602
0.07765746
-0.09467468
3.722582
8.114516
9.44712
9.096315
7.314222
4.293304
6.561688
8.28172
8.731404
4.102391
4.862767
8.587674
8.576271
6.527588
7.3692
7.019302
7.085255
6.498005
5.128877
1.738775
1.868109
3.156121
3.582453
2.643156
6.339891
6.106718
7.463184
4.406018
3.574982
3.703368
4.616987
8.906713
11.50929
12.19751
12.80322
13.38811
11.15178
9.101648
10.75325
8.71906
6.12213
5.30068
3.119983
3.193651
2.884817
4.012307
3.690698
3.100839
3.69623
3.830495
5.605232
7.645963
8.31379
10.18993
11.76291
11.06128
10.6764
11.05658
12.03259
12.27012
11.28747
11.15466
9.777127
10.21065
9.701727
9.642242
10.00721
8.227145
11.06278
8.967732
8.31377
9.913218
10.04901
9.596166
8.071152
9.369078
11.28573
11.12041
9.259591
11.87736
10.22911
12.91333
13.44461
10.73218
12.71561
12.41098
14.10821
14.50301
14.8851
15.03794
15.98407
15.34054
13.93298
11.66735
11.27579
11.23363
12.47556
11.03123
14.30744
14.13601
12.08362
14.42727
14.27054
16.0828
16.09285
14.85671
14.51626
14.26542
13.35249
14.08673
14.78201
16.40281
17.57984
13.6056
12.49877
14.24459
13.48237
16.93897
16.89556
17.43638
15.66022
17.89542
16.79966
18.34761
19.03847
19.08454
16.59967
14.40674
13.23452
13.49949
13.38174
12.18639
13.84865
14.79539
17.56127
17.57018
14.56491
15.45391
16.06632
16.87403
16.58609
17.7189
18.32512
18.55459
18.57644
17.39995
13.9111
13.63018
14.84321
11.90603
11.76139
10.43249
11.90543
13.47962
13.97467
12.93048
11.23337
11.98823
11.10502
10.33077
11.81683
11.88576
12.56171
11.73332
12.03979
11.61095
11.66803
11.4746
10.81384
10.96918
10.55809
11.5314
12.14931
11.58706
10.53354
11.07788
11.95398
10.84769
9.986684
9.515647
9.881444
6.776907
5.072859
7.119355
7.115619
9.333692
10.96226
11.3908
11.45825
10.69875
11.81047
11.88489
14.15269
14.32859
9.765102
9.543731
11.22223
11.41026
11.98234
12.00212
11.77568
13.3759
9.01657
10.82156
7.371093
5.131716
7.394885
11.10163
11.76364
8.549886
8.916028
6.648278
6.187966
4.48335
7.408034
9.521202
8.040748
5.555756
3.576339
2.89465
3.653595
5.221337
8.052655
9.405486
3.054607
2.905583
5.912636
8.119065
8.906807
6.892521
5.463678
2.035247
-0.136979
0.8113252
2.971142
3.968757
5.866937
7.783168
8.024315
9.642747
6.680453
3.266202
4.240712
5.533536
6.565468
5.795408
5.370911
6.469733
7.838955
4.249787
1.331894
0.8692855
-0.003244601
-2.113133
0.09692566
2.912013
0.9087346
1.44936
1.336392
2.601152
2.502638
3.05535
2.984007
1.880449
0.9868727
-3.523678
-3.277893
-1.338738
0.1285261
-2.828681
-3.511243
-6.979021
-9.279814
-8.791035
-7.573226
-5.833447
-0.9747578
1.69245
1.939884
2.722619
2.702797
4.177176
3.021432
4.046093
5.825475
7.099425
3.981197
3.499309
6.385071
6.34367
7.004802
6.692421
5.064809
5.917949
5.733493
4.029942
2.919632
0.7314416
1.554474
1.108309
1.057405
-0.7853213
-1.773689
-1.396388
-0.1453906
-1.235296
-0.2538179
-1.187955
-1.890269
-0.5758964
-0.4973307
-1.584077
-1.380219
-2.65656
-3.871787
-1.557812
0.7240669
3.351367
3.063147
2.125084
0.9747169
-0.8933402
5.077577
5.039523
3.66508
1.531881
-1.031422
-1.417539
-1.626984
1.649949
3.102644
2.668184
0.05127451
-0.7030738
1.415263
1.428916
4.532435
4.251438
4.65152
5.371185
3.620802
3.267068
4.646254
3.266113
1.674726
2.199743
2.760118
3.279404
-0.2101113
-1.461395
-0.5795923
0.6744797
0.8972308
1.223111
1.713845
1.659874
0.8663717
2.008106
1.183331
2.357499
2.1559
1.981838
1.504366
1.247789
3.159872
1.652924
1.162497
2.063208
1.667921
3.0945
4.481005
4.061657
4.007723
3.321226
4.125021
6.845548
9.38214
6.793566
4.600955
1.716665
2.127175
3.818289
8.324619
9.639531
7.270417
6.269419
7.841188
7.56602
7.069983
8.63657
6.066956
7.258952
8.279436
9.548427
7.760923
5.375125
5.420101
3.904468
3.079457
3.507355
2.960025
3.28856
4.797359
5.676932
5.305626
5.250203
4.384543
4.577737
4.497425
5.718794
8.108839
8.464401
5.939474
4.476197
3.619241
3.746067
5.504199
6.99059
7.780827
7.758962
8.977883
8.642382
9.036193
7.879639
8.632461
8.377018
11.41998
11.33231
9.948311
8.453365
8.833705
8.4881
11.5407
11.92257
12.92868
13.29234
11.92475
11.49072
12.78269
11.60222
10.07875
10.49985
12.32579
13.14487
15.22035
13.04464
10.42041
10.24869
8.957276
8.435203
9.762625
10.85296
12.89807
13.24249
12.60531
11.81904
12.16484
10.86824
11.0909
9.967105
10.75756
11.14046
10.34688
10.74734
10.70772
10.94654
10.76458
12.78144
13.97266
14.05424
12.83297
13.97377
12.5031
11.64766
11.7544
13.1468
13.67398
15.46301
16.02674
15.48511
15.94626
14.2306
12.05744
13.72098
13.9979
12.31486
12.8332
13.12369
12.61915
11.6951
11.79443
11.80982
13.22148
13.93264
15.96049
14.31871
13.06404
13.25469
14.15904
13.60295
13.3088
14.11808
13.32433
13.68057
14.46248
15.27442
14.9188
17.90984
16.94986
15.27425
13.51957
13.96839
13.57595
11.33299
11.88259
11.79017
11.99937
12.09755
11.85249
11.12341
10.99343
11.78893
16.04145
14.52218
13.2814
11.36426
10.87503
10.54167
11.17033
10.70369
11.81979
11.39007
9.700738
8.398841
9.747454
10.9828
11.53732
11.97068
11.14671
10.08742
10.99522
10.89526
8.876004
9.938231
10.75806
11.75943
11.78198
10.48726
10.37585
10.49691
8.890961
7.566422
8.086588
9.59738
7.162825
8.118913
11.42368
10.76786
6.878095
8.364202
6.785612
9.518964
10.72713
12.11536
12.01439
8.050716
6.042394
6.879271
9.005978
8.481793
10.54751
8.357999
9.049591
12.94703
12.1922
10.05706
7.401511
9.400557
8.302744
4.556469
7.238686
9.433264
9.572852
11.94527
10.35255
7.749497
5.186098
5.82169
1.13898
2.392287
2.229414
-0.5875801
0.7336904
2.714207
2.097548
6.526301
7.665829
7.510395
1.862934
-3.135077
-1.671365
-0.1625672
-0.5159521
-0.8292507
-0.8743244
-1.075766
1.968215
-1.198792
-1.02109
-0.388416
2.186493
3.416698
4.575769
3.38798
0.7239786
2.419163
-0.6373284
-2.949841
1.309785
5.557881
4.940671
3.345967
2.571892
1.351544
-2.096935
3.448459
4.480901
3.555185
0.4754601
3.284779
1.923281
1.497671
-0.05784327
-1.291978
-0.4758534
-1.533096
-1.887166
-0.5507549
-0.02262408
-0.1532073
-0.4839487
0.4843199
-1.486102
-2.235014
-1.206318
-1.042679
-1.580037
-1.369757
-0.9064864
-2.357993
-1.843342
-0.790845
-1.145405
0.8594062
8.023671
7.925235
6.48359
4.83179
1.463344
2.891757
3.508276
2.090762
-0.6678206
-0.7061477
-1.845649
-0.7098981
2.979785
1.671963
3.336177
2.867665
1.0025
0.6761911
0.5213386
0.3027615
1.680195
2.083391
2.806093
2.44147
0.1232001
6.521585
3.199651
3.788215
5.656546
4.241177
3.1911
4.791229
3.243811
1.282166
2.408143
4.130373
5.90298
1.715126
3.243605
4.195751
4.940477
8.007391
6.204406
3.243465
3.719377
1.477753
4.5309
5.581881
6.368753
4.090714
3.110114
3.001675
4.591912
3.080609
6.541929
2.970432
3.683745
5.029487
5.471309
6.347338
7.229369
8.314951
7.15364
8.095819
7.460504
6.342173
5.603839
4.493118
2.578266
5.401523
5.741205
5.749751
7.202486
7.307168
4.897
4.282183
6.2208
6.325384
6.880654
8.00475
7.477308
3.992258
2.911121
8.312356
5.708007
8.296148
8.320017
6.852044
7.666621
5.867031
5.033395
7.14581
8.531604
6.606255
6.855657
7.342695
6.991963
3.540855
3.586306
4.148119
3.43915
6.136393
7.209709
4.51633
4.985211
8.052097
9.713578
8.99581
10.09355
12.57088
11.16483
9.127232
8.692544
3.16007
1.498416
2.888088
3.565492
4.655458
5.356134
5.912942
7.09179
8.132176
8.93146
9.957851
9.573355
9.308319
9.495651
9.164389
8.217184
6.423411
5.810831
5.932381
7.068977
9.25788
11.38223
9.937254
11.13135
12.84684
13.6815
11.42099
11.07305
9.62124
10.89574
11.43723
12.73564
13.83695
14.79752
13.06919
10.41876
13.26093
10.84892
10.94041
10.79658
8.35539
8.546385
9.695905
11.13036
11.1092
10.46296
10.2589
10.39959
11.11707
10.11756
9.327929
8.743345
8.004239
8.586569
10.4484
10.38108
9.26637
8.394284
9.982302
10.22436
11.70961
12.88331
14.94454
15.05881
15.9006
15.03964
14.61324
14.27323
14.73153
14.62021
12.75008
13.85982
13.96997
12.84116
13.6225
15.00212
14.60988
14.98373
14.74017
14.67863
14.10291
14.02697
12.41359
14.08703
14.59489
14.35961
12.998
13.0128
14.67753
12.23462
13.29008
13.19437
13.58276
15.69675
16.60027
18.18897
16.14129
17.45726
17.19456
17.80688
16.71009
16.91188
16.64149
17.49934
16.27732
15.24394
17.64579
18.25617
16.25683
14.40521
12.25145
11.91443
12.48474
13.09182
13.20224
12.58909
12.29899
12.34737
10.85272
12.38615
12.19686
13.30046
12.22543
11.89795
11.00812
13.34045
13.08564
11.23951
10.59529
11.105
8.321799
7.024033
10.67589
12.17726
11.32534
10.2447
8.14161
7.79517
8.555792
10.15384
9.609194
9.576041
9.664501
9.902086
9.7414
10.28019
11.72163
12.06071
9.660601
12.12173
10.16186
11.98357
13.29451
12.65666
11.50871
8.084295
9.349204
9.706035
8.591306
6.624385
4.978
4.995202
4.36892
7.87404
10.901
13.41419
11.0077
8.202682
4.755517
4.157315
3.541636
4.183259
2.373853
5.005163
5.099066
4.866581
3.327816
1.501963
7.227956
7.354716
9.158555
7.875055
6.945801
6.325418
7.627606
7.511607
4.153396
3.478201
3.012277
5.191242
5.680237
4.566725
3.343244
4.907435
7.867039
12.19586
10.83941
10.58615
8.50844
7.577248
5.16887
3.252042
3.98874
6.264824
5.700461
6.511848
6.497405
5.909853
6.297751
2.075462
-2.234224
-1.044742
0.2305613
0.3719511
4.580256
8.975084
8.293097
7.687245
6.23963
5.779011
3.989481
1.645321
4.855893
3.421602
2.590694
2.576874
2.047278
5.005914
4.417499
3.746454
4.319507
2.269065
5.487382
5.64459
4.42082
3.795923
2.917967
2.396885
0.30126
5.383674
3.629531
3.331896
4.098499
4.169726
1.180482
0.8438871
0.824885
2.532573
1.870336
9.229132
9.575563
7.886848
6.636445
4.526156
3.323231
3.466893
2.464767
2.34018
3.14604
-0.5609112
-1.553808
2.839541
6.64724
3.549538
1.076268
-0.6103261
-2.203181
-0.84509
0.1984026
0.9298853
1.97711
1.289132
1.573766
1.006121
1.553139
4.234467
5.501194
5.460541
1.898364
6.714941
8.087231
6.340179
9.294432
10.35944
10.11291
9.769001
9.856362
6.675386
6.953485
6.752001
7.500305
8.770272
4.736884
3.791502
8.483249
8.365533
6.460734
5.693753
3.332154
-0.5586119
-0.4168023
3.112931
4.581758
1.94784
0.3985272
-0.06552269
3.848399
1.40603
1.108762
4.014273
3.312338
2.345988
6.521186
7.293761
8.126004
7.468876
7.132346
5.356098
4.725365
7.470358
6.331455
4.95814
5.119285
5.4706
6.145688
7.771538
7.711562
9.241086
7.631814
9.650951
7.567915
4.874814
4.114147
3.903295
5.54269
5.357329
5.789125
5.648098
3.698422
1.6516
0.9794033
1.167154
1.010022
0.5093802
-0.3515679
1.422341
1.340983
4.078554
3.735213
4.860867
6.114947
6.470732
9.232593
8.522944
8.074978
7.55343
6.315334
6.51527
5.730773
7.345763
6.525679
6.69845
7.11648
7.065223
8.630446
6.488397
7.16653
8.931906
8.901231
10.59594
8.528778
7.451153
9.617578
11.62244
11.94355
11.5656
11.69441
11.79647
11.92202
12.06392
10.2616
9.725077
9.559527
10.88465
11.46155
9.9456
7.214231
6.729826
8.168924
9.485671
8.855107
8.273233
7.643118
6.563669
6.774385
8.977456
10.3373
9.903385
11.13651
9.233607
10.89241
8.917932
6.786828
7.426076
8.327352
9.10055
8.524103
9.313809
10.08965
10.88413
13.67616
16.00223
15.4963
12.12396
13.93946
13.69066
12.59189
11.12157
10.88721
12.05493
11.53913
11.36242
11.62107
11.61207
12.72822
13.48004
13.39602
11.26778
11.41544
12.33253
12.86628
11.66986
11.67746
9.675313
10.24694
11.42242
11.17277
12.31817
11.27535
11.44101
11.30635
15.02584
12.99986
12.76403
12.14249
11.10705
11.38858
11.8681
13.09687
13.22365
12.11443
12.24564
12.88131
11.77349
12.32321
13.02067
13.16421
13.59962
14.28507
13.18582
14.53248
14.96081
15.4337
14.84579
13.28509
12.24926
13.8269
12.11205
12.85588
13.67913
11.15316
12.44078
12.45621
11.66546
10.86233
9.874368
9.90461
9.392774
9.52506
9.364428
11.45927
12.68762
12.70905
12.95707
12.48269
13.11574
12.2399
11.57804
12.66047
13.09523
15.38969
13.90467
13.56425
12.38198
9.211953
6.189962
7.658074
9.845219
8.698671
9.23674
9.639776
12.64667
12.67584
14.70034
13.67756
10.93178
10.68705
10.29047
10.19786
10.62511
11.06414
10.7632
9.931331
11.04345
10.87196
8.973514
7.632783
7.277546
7.732993
8.155175
6.053032
5.40211
9.678376
8.216582
7.382663
8.093682
9.208634
7.808203
6.018073
6.412766
4.339849
2.943437
3.12521
2.794438
11.57155
11.95729
7.361398
6.471958
5.373452
4.080832
6.323769
5.148905
4.364549
3.759344
2.684482
1.906729
0.8818954
3.164072
0.5717738
3.17263
2.705676
7.452708
8.833124
9.009011
4.24526
4.56933
5.832277
4.083692
4.419211
1.85868
-0.713048
-1.8145
-0.6728246
0.6318502
3.943949
8.263378
4.916304
2.138638
4.860569
4.014236
5.261562
5.620851
5.878225
2.036218
4.350351
6.207693
4.583252
3.222577
-0.248824
-1.860311
-4.36186
0.9568482
6.162442
5.097252
7.108894
4.372301
5.944657
5.350981
9.775516
4.833412
7.019908
9.063803
3.620454
1.543076
-1.76757
-1.466418
2.533665
1.486912
4.03287
4.607817
2.461129
1.525183
-0.4360031
1.950966
5.394299
4.414436
5.25244
4.582192
3.13915
4.951914
4.180154
3.861822
2.110506
0.5732914
-1.15379
-2.683981
-2.235159
0.3469199
1.887269
1.839489
4.17283
0.6166815
1.644356
3.068388
6.026853
3.709016
2.030759
2.526297
4.110392
3.553981
1.677409
1.776661
1.385006
3.728537
3.157885
5.28498
5.49047
4.705434
5.058713
8.03869
6.526887
3.034919
1.755778
-1.509857
-2.555142
-2.030234
-0.6986451
1.871508
2.332383
1.417066
4.851117
5.134378
1.868228
0.4690868
5.288637
5.428947
2.878935
1.692588
0.6307366
0.409421
0.09904033
5.606595
4.341637
2.000956
3.003074
3.557489
3.849252
2.697473
1.433377
1.054447
1.072949
1.754278
0.7315454
1.408424
1.403568
2.191446
5.042787
4.603215
5.119012
6.758362
8.186796
7.864828
5.440721
5.351289
5.523813
5.053243
3.54994
6.824498
6.220033
4.262099
3.209249
2.806023
3.36109
7.812927
7.069999
7.013229
9.879421
7.462933
6.693088
8.168554
9.701634
8.29637
7.741895
8.910068
10.03334
7.617717
5.620018
4.801129
0.6952405
0.02524834
2.332502
1.362959
2.0267
1.727084
2.277302
3.786075
7.74219
7.488949
7.166413
7.661095
7.633387
7.278126
9.71192
9.342123
10.06472
7.750399
7.576808
7.71255
10.77577
9.421047
8.506619
8.156903
9.025374
8.522183
10.22127
10.93627
10.17989
9.594178
8.992511
9.072405
8.890669
8.66619
7.233771
8.884259
10.49705
11.29545
8.560658
7.998244
10.34383
8.730977
8.330999
11.1621
13.24297
10.67074
8.526205
6.927977
9.088456
11.65245
10.00955
8.912719
9.054064
8.366281
7.296648
7.09324
9.060988
9.337193
10.15878
9.038685
9.463255
10.23922
12.36624
12.02553
13.44272
11.38296
12.28901
12.19142
9.596595
8.747255
8.694946
10.79233
12.89386
14.67578
14.80974
11.54866
9.954858
10.79793
11.28418
12.50023
12.80821
13.18181
13.8767
13.8623
13.91494
14.26727
17.56197
17.93658
16.27413
15.38255
15.41383
12.8014
11.57159
11.53419
13.30974
13.10969
12.85597
14.43624
13.95791
11.59187
11.59644
14.25202
14.3918
11.45693
12.21409
12.35871
12.15499
13.2057
14.97616
16.35489
16.46758
17.63855
17.04697
16.49598
15.13239
15.02425
12.70001
11.47727
10.26199
9.62977
10.1226
10.93068
13.44082
11.59025
11.39286
10.72372
10.44303
11.39632
11.20024
9.353996
9.048369
9.40227
10.16866
11.00505
12.38333
14.54417
13.77223
13.02211
11.62477
12.17718
13.87391
15.56066
17.07245
16.02936
15.55518
17.13064
15.38606
12.04122
12.18907
11.06827
12.66731
14.38718
10.09711
10.42156
9.284612
10.06439
10.90372
9.482481
11.72997
13.59947
13.55585
13.04821
11.60672
12.67123
12.34772
11.20687
9.312898
9.620745
9.721206
10.23323
8.949986
6.852935
6.247608
7.153505
5.56223
3.896954
5.466143
9.401805
9.332075
11.60256
11.51762
7.26316
7.285986
8.984365
8.633429
8.794856
8.628811
8.289517
6.275381
6.753691
6.710565
6.833578
9.786434
9.865901
8.785884
9.812105
8.901896
9.593015
7.046332
7.463992
11.36556
8.857181
8.67258
5.882028
9.893954
9.802705
6.718644
4.290615
5.862799
7.815038
3.587172
3.416834
5.211512
5.705504
5.976894
6.181562
4.726503
2.326565
0.9947568
1.089191
1.618506
0.5586295
1.901936
4.926735
7.966421
7.393954
6.93439
7.080069
4.805945
7.901949
2.260033
7.870291
4.136313
2.379992
1.530242
-0.1944403
0.6956862
7.898152
3.225905
4.332144
3.406666
1.116561
1.428573
1.18804
-1.261608
-0.7195805
0.4357833
2.99196
3.017584
-2.855536
-4.114787
-5.341547
1.081001
4.615192
4.288819
4.771971
1.709226
0.6361932
0.4677407
-0.2033561
0.6635031
2.499463
3.859481
3.605365
5.444694
4.273927
1.971517
5.247914
3.979437
6.206975
2.762022
0.7034268
4.033744
4.670497
2.460295
-0.3597169
0.7585744
-0.1772793
2.171808
3.867256
4.298173
2.643594
3.17802
2.369008
2.841895
0.9012742
1.708199
-0.098947
1.063882
3.285253
5.102424
5.410851
5.071494
5.512178
5.809049
3.828451
4.598527
8.756485
7.378756
6.051062
4.368953
3.580983
4.566084
3.337872
4.81036
1.271199
1.52906
2.026666
1.5888
-0.9896016
0.6147415
2.444403
1.251678
0.2284833
2.485195
1.164766
5.295569
2.003125
3.053548
4.758005
5.502165
2.483922
2.451752
1.7208
3.647727
1.415178
-0.4379882
2.576763
8.349789
8.849428
10.24393
7.188878
7.144968
6.577699
5.749664
7.89222
3.885062
5.556469
7.395655
6.725301
4.234569
6.592676
7.902002
5.960677
3.528512
2.980809
5.080117
3.25603
3.000188
2.977723
2.551111
3.614744
4.149694
4.249882
3.758225
1.892376
0.09066097
0.6944341
2.398119
3.544504
4.355661
6.025228
4.316067
4.231668
2.513198
3.011069
2.690323
2.481847
1.624977
2.955995
2.028113
4.734676
6.157777
9.235428
8.003461
7.405872
7.186527
7.170718
5.525169
5.273538
7.262615
8.677895
8.145415
9.644432
9.016357
9.201775
7.343394
6.853893
6.481648
9.331832
11.60042
11.11285
12.21843
8.687943
8.662541
10.12325
12.14047
13.94866
13.21468
10.42055
7.80433
7.760029
7.55691
7.501721
9.074077
8.473802
7.975056
7.495091
7.033465
6.72644
6.142671
6.473553
7.650428
7.513861
8.318606
11.40747
9.451449
7.382201
6.665314
7.566749
8.76001
9.571624
10.11662
9.185162
10.02223
9.452236
12.75384
11.22222
10.48152
10.26671
12.13405
14.70179
16.35158
15.19871
13.67333
12.94349
11.81041
10.19972
9.540572
9.485264
9.87276
11.15338
11.01442
9.663196
9.917924
11.96695
12.25094
12.27118
11.62641
10.90408
9.811037
10.08793
11.14173
11.27331
10.32917
9.471925
10.46067
11.66359
11.07546
11.06755
10.93222
11.3125
13.59203
14.83701
13.64348
14.50047
14.00588
12.75769
11.35127
12.09658
13.3924
14.29424
13.99538
13.93503
14.61883
13.98237
14.73388
13.12377
13.1072
12.7736
13.55687
15.77957
13.12982
14.84577
14.30241
14.91533
13.66531
14.36294
15.09514
14.93036
13.02143
11.47789
11.22053
11.24335
10.30688
10.2359
10.09219
11.14166
12.32545
14.19113
15.41154
14.47119
13.10023
11.75069
11.57064
11.59226
12.23647
11.88167
11.31112
8.861562
10.80851
13.62198
11.59005
11.96531
11.95694
11.58124
12.01813
12.61975
11.92565
11.63329
11.71715
10.61624
11.40001
11.80424
9.375582
8.302656
10.54192
10.10655
12.38354
13.56863
13.01141
11.51291
11.16161
11.26484
8.78108
10.83515
11.30947
10.33583
9.532308
11.87834
9.599451
6.359883
6.874607
8.223492
6.482399
5.093561
6.155352
5.624774
7.996333
8.552558
8.930878
9.205536
7.762792
7.451978
9.101456
6.543241
6.511332
5.812128
5.108804
8.789179
8.50557
8.432415
6.817264
8.116491
6.725066
5.689062
2.927007
4.733028
2.876833
2.483719
3.733932
3.890464
2.506742
4.776572
5.52737
5.311412
5.674063
4.427321
5.010393
3.299811
3.853102
3.772303
3.461623
3.714885
2.163473
4.675744
3.545825
1.764659
1.103548
3.66268
2.852617
2.741069
4.846783
4.288193
4.022912
7.736433
9.19134
5.966717
8.323424
7.362098
6.023032
8.267182
8.852354
7.073373
5.927826
6.932418
6.331534
5.376975
5.878535
7.645635
4.667424
3.693188
-0.6354155
-1.567241
-1.839251
0.4416939
2.915378
6.687939
4.087561
3.173534
2.575418
0.8198344
-1.33111
-3.865665
-5.788612
-3.35612
-3.677926
-3.52939
-1.320421


"Precipitation" :
7.798736
0.8679973
9.605256
0.7876248
22.09707
8.983034
0.06487026
1.792482
5.970991
0.08170326
8.254025
7.25835
17.9811
2.253892
0.1065868
0.08649368
0.7304059
5.786959
2.724152
0.8738523
0.9268796
11.44145
0.7738523
8.743446
9.118762
14.06534
2.25489
0.9528277
5.735862
0.860346
8.709381
12.16587
0.411843
7.870659
0.2707917
3.552362
2.809914
1.098337
5.983034
0.04244844
0.034664
0.002195609
0
0.004590818
0.01337325
1.285695
0.123819
0.02488357
0.03459747
0
0.1683965
1.320892
0.1682635
3.203593
0.05894877
8.682369
12.8662
23.32741
3.551963
1.232003
9.928476
2.516367
19.46587
7.976248
2.285629
5.808184
8.126347
2.946307
3.04491
2.499335
12.70146
8.761277
2.371856
5.303659
5.852961
1.28503
1.238057
0.2032601
0.4389887
5.64185
11.79022
16.99082
2.030273
0.6954757
0.1036593
7.164471
5.927013
1.933001
17.47305
5.050366
2.994943
1.426281
8.693214
2.54511
3.163606
7.451031
5.829009
7.772987
7.485296
0.0592149
1.11018
0.1886893
0
0.0002661344
0.0002661344
1.523021
0.1053227
0.7572189
0.06899534
0.07757818
10.06999
5.017565
5.274451
3.358816
6.651763
0.03958749
0.3345975
2.328343
1.467731
0.1785762
0.344511
3.297206
8.321756
4.191484
3.310379
0.8753826
0.5889554
0.3109115
0.2517631
0
0
0.0002661344
0
0
0.0004657352
0.1006653
0.3532269
0.4807053
0.2047239
0.05788423
0.006719893
0
0
0
0.03952096
0.0002661344
0.2914172
0
0
0
0.007119095
0.02302062
2.859481
4.284764
0.6844977
0.5669993
0.977179
0.1210911
2.319228
0.9351297
0
0
0
0
0.01137725
3.714105
6.524751
6.058017
3.616633
0.01709913
7.507385
3.601331
0.792149
2.354358
7.707518
1.223886
3.235928
0.1481703
0.07518297
0.02308716
0
0
0.009780439
0.779308
6.196673
1.810579
6.111577
0.3527611
0.6407186
2.884897
4.510579
0.543646
1.524884
0.0003992016
1.541983
0.008915502
0
0
0
0
1.386161
1.688889
0
0
1.8831
5.147505
2.522821
0.02002661
0
0
2.256088
16.53446
1.393679
0.7503659
5.845376
0.4701929
0.002528277
0.007518297
0.01590153
0.001397206
0.1528942
0.0500998
0.01044577
0.002262142
0
0
0.04517631
4.278842
2.152096
3.356221
1.032202
0.6519627
0.08303393
15.54365
6.589687
11.14784
3.628011
3.491883
3.88024
10.41524
2.145442
0.4319361
0.2442448
0
0.0002661344
7.943047
0.7880239
1.262076
9.078975
0.6163673
2.474052
4.605921
5.001663
4.029341
3.652628
0.3079175
0.7080506
2.749102
0.01317365
0
0.5442448
5.713373
1.972655
0.01031271
0.004790419
0.0003992016
0.1145043
0
0.4437791
0.04224883
0.3492349
0.1139721
3.775183
2.273653
8.717299
0.08855622
0.1664671
0.6709913
0.7252828
0.3453759
0.001197605
0.01716567
0.0255489
0
0.008915502
0.02049235
0.02994012
1.394212
0.009115103
0.001996008
0
12.52794
7.898802
4.652096
17.33846
0.8497006
0.760346
1.319694
1.747638
0.3526946
0.7815702
3.608184
11.94864
1.940186
0.1352628
4.981104
4.621224
7.859947
2.155023
0.3334664
0.3003327
4.951297
4.349967
2.394145
2.336128
14.00346
22.41584
16.63586
4.31843
7.312841
10.499
11.90685
2.95163
1.524285
0.9644045
2.793081
0.1348636
0.02022621
0.8514305
0.2341983
0.1475715
0.009447771
0.02900865
0.01876247
0.02401863
3.536261
6.870526
3.797538
10.91643
13.94158
29.92961
4.087957
2.401397
37.58184
40.05802
1.030805
0.1981371
0.04670659
1.730472
1.725083
15.54677
6.112641
2.841783
0.01403859
0.01037924
0.2102462
2.730007
0.1502994
7
6.466999
7.085496
15.32841
17.76613
6.803526
0.08343313
0.1669328
0.003725881
0.6294744
6.945442
3.055422
2.825749
2.221291
5.794744
5.156154
7.813706
0.03992016
0.8929474
0.8447106
1.197937
6.906587
10.9819
19.67066
4.986959
12.32222
0.6803061
20.49182
4.697339
0.5180971
0.9894877
5.577046
0.01836327
9.416567
3.042448
1.186094
27.12954
9.82841
2.281903
9.743646
4.724684
0.2763806
2.572322
0.9135729
0.00758483
0.03599468
0.5646707
2.542914
11.73307
6.793214
6.064072
8.949035
1.600532
4.413041
1.862675
13.30326
7.12149
9.824817
11.39228
15.00206
0.3678643
1.794012
0.000332668
1.179375
4.321956
17.33992
2.731737
0.3051896
0.0164338
13.04963
2.114438
4.487625
4.778776
0.4556886
5.593812
19.69295
0.599002
0.1830339
0.7967399
8.389887
4.984897
7.334398
5.632335
2.273453
0.07245509
0.001596806
0
0.006254158
1.86181
6.677312
3.969128
10.72841
1.262874
2.442981
1.253227
2.402927
0.7685961
0.1161011
0.02468397
3.041317
2.647372
1.745176
0.1917498
0.03938789
0
1.22495
0.001996008
0.3351963
0
0.001796407
0.02987359
0
0.5696607
7.207651
1.568263
0.06493679
0.2421158
3.142182
11.40359
1.179574
0.4818363
0.09926813
0.05535595
0.001197605
0.003393213
0.2431803
0.01689953
0.008050565
0.001596806
0
0.5017299
0.006786427
3.343912
0.4240852
3.640386
2.736593
6.65336e-05
1.691084
0.539654
0.4862275
0.2043247
0.0257485
0.8860279
1.747106
5.79521
1.043313
0.008582834
0.03852295
1.654025
0.00259481
10.98636
2.052428
3.201663
19.99494
8.541051
2.55336
1.179907
1.497272
2.658882
1.573187
5.420559
1.526813
0.89501
0.8712575
3.275848
0.03912176
0
0.7016633
0.2554225
0.0172322
0
0
0
1.586228
0.5467066
2.204258
9.688889
0.04664005
0
0
0.01004657
0
0
0
0
0
0
0
0
1.373852
0.1313373
0.01483699
0.7136394
2.112242
0.1285429
0.03546241
0
0
7.849701
0.01676647
0.9992681
14.73573
6.64644
3.214238
5.130273
0.8087824
0.1242848
6.061011
0.2285429
0.3467066
3.215037
0.04184963
0
0.0002661344
0.0754491
0.07904192
0
4.095675
0.0170326
0.006187625
0.003193613
0
0
0
0
0
0
0
0
0.2379241
1.305589
0.1315369
0
0
0
0
0.8535595
0.1333333
0
0
1.474917
0.3199601
7.788024
6.01151
5.592548
0.5630073
4.620825
1.228609
0.02155689
0.003592814
10.70113
13.41337
4.937791
16.46081
4.039854
6.089953
14.45482
10.96028
0.3884232
4.166534
1.655356
0.2349301
0.002994012
0
0
0.1112442
1.392881
1.176647
0.2441118
0.08689288
0.2231537
1.157352
19.39082
1.142515
5.306653
5.674118
0.5017964
0.2145709
0.009514305
4.518496
5.72648
16.81989
8.834997
2.334731
8.141051
12.15063
3.883965
0.08389887
1.031071
0.01862941
4.452894
27.50905
0.2136394
1.295742
1.742582
3.269128
1.078177
0.6410512
4.456221
0.03526281
6.250832
15.30486
1.381304
17.16121
25.10379
16.80259
2.684232
0.5172322
1.297472
1.033599
3.854757
0.05123087
0.0172322
0.03013972
0
0.00166334
0.9765802
0.1566866
0.4135063
0.02674651
1.240319
17.72735
0.06500333
6.65336e-05
4.512841
34.9813
0.7239521
0.03612774
0.01197605
0.002062542
0.628809
2.503792
0.7170326
12.84531
10.45017
6.944578
0.2914837
0.570326
1.058416
0.5875582
0.03107119
0.08789088
1.267798
4.220625
0.7170326
1.124019
2.077379
0.3822355
0.05402528
0.08882235
0.02375249
0.08270126
0.1030605
1.739454
0.8575516
2.647172
0.180173
0.3898869
4.938523
0.04644045
0
9.606853
14.41244
1.393347
2.193945
0.06926148
0
0
0
0.01111111
0.1194278
5.4165
0.7302728
0.03619428
1.43819
6.808117
3.462209
10.35649
4.766401
18.89042
5.737059
0.3898204
8.655888
11.04032
3.292814
0.5055223
0.2428476
0.1028609
0.3715236
0.04171657
0.06779774
0.3141051
0.8367265
0.06087824
0.006254158
0.01889554
0.6826347
8.647638
6.882967
0.07032601
0.004856953
0.0007984032
0.03592814
0.01676647
0.08157019
0.1885562
0.2747838
10.29528
3.809847
1.808184
6.503593
23.41224
4.176314
27.25888
4.411178
0.4176314
0.1257485
2.267864
3.083433
12.45802
2.540985
2.652761
0.6928809
4.984298
0.3330672
4.149767
8.205256
0.2442448
0.08043912
0.0156354
0.03918829
0.004391217
0.01616766
0.2379241
0.5622089
0.005389221
0.03805722
0.251497
0.1033932
1.854957
0.02408516
0.04664005
13.1358
4.055156
1.563806
0.07172322
0.06380572
4.310911
0.1399867
0.09800399
0.2300732
0.5648037
0.1065868
0.1831005
0.004723885
0.005588822
0.5405855
0.04271457
1.176979
0.1143713
0
0.0001996008
0.005056553
1.113706
0.016833
0.0008649368
0
0.00758483
0
0.02122422
0.4162342
0.8970725
4.873786
1.517033
0.2805722
0.001197605
2.823952
2.564271
9.124751
13.9835
2.91823
1.149767
5.385695
4.088756
8.403393
4.606919
1.719827
3.199002
3.608184
0.5102462
1.402794
2.741583
15.82575
7.976381
0.06566866
0.2887558
0.1330672
1.338723
1.218829
0.1990685
0.004923486
0.04457751
2.748769
1.486361
0.7348636
0.0001330672
0.01896208
0.06872921
0.4804391
0.1722555
2.744644
2.888756
1.881238
1.71843
5.749368
3.685895
3.383167
0.5494345
8.849967
0.05815037
7.074784
2.315436
5.308583
2.208516
0.666334
1.916766
6.479375
1.829674
1.589088
0.07351963
0.007717897
0
7.139122
2.084697
7.822422
0.26833
0
0
0.0002661344
0
0
0
0
0
0.009846973
0
0
0.01450432
2.842781
0.3872255
5.586028
1.626214
0.1564205
2.214238
7.657751
10.59401
9.392748
3.5332
0.145642
0.1374584
0.2087824
0.4939454
0.04085163
0.1625416
0.9417831
0.01896208
0.7944777
0.01803061
0
0
0
6.65336e-05
0
0
9.46314
1.056154
15.69927
0.01230872
1.941517
0.06314038
0.0007984032
2.436527
0.3027944
1.380905
1.965536
1.287359
0.1146374
0.004391217
0.008715901
0
4.436194
0.5093147
2.198802
3.348969
6.663939
0.0512974
0.001064538
0
0
0
0
6.65336e-05
0.001064538
0.8076514
8.469328
4.118297
5.109448
0.5980705
6.273919
0.9391218
6.274983
1.494677
0.006852961
0.03579508
0.09401197
0.01570193
4.607784
0.02042581
0.06892881
0.08030605
0.1472389
0.003858949
0.009846973
0
0
0.227678
0.01829674
0.007651364
0
0.009846973
0.017831
0
0
0
0
0.066334
0.08103792
0
0.1572854
1.727944
0.0827678
6.020093
2.772522
15.59195
1.554957
1.479574
0.1581504
1.540918
17.91311
1.971524
3.57179
1.171723
1.261677
0.279308
0.02248836
0.09274784
21.85795
7.389554
0.04031936
16.365
11.00299
10.71963
2.913706
7.447572
0.8572854
3.195875
0.8662009
0.5399867
0.008183633
23.96647
6.564737
15.54571
14.94105
11.95868
0.4838989
4.177179
1.54491
4.291617
13.61863
10.42329
6.789088
18.57265
12.32355
0.2594145
6.980506
0.01131071
0.1324019
16.67106
0.1407851
4.610712
0.102994
0.2680639
7.055689
0
0.008050565
18.14963
0.1935462
4.227545
0.2348636
0.1252162
12.3358
4.318097
0.02288756
0.01204258
10.03586
2.955622
1.182901
10.33273
2.866334
41.64558
1.823287
0.03898869
0.08715901
2.422888
0.4702595
0.1755156
0.04896873
0.1928809
0.3300067
0.2840985
1.346108
0.4150366
0.1216234
6.273054
30.02023
0.9598137
0.04590818
0
0.4050565
0.1286094
0.06061211
0.05136394
1.562741
1.364338
0.6930805
1.419428
4.143114
2.730739
1.048703
3.27179
1.625615
0.4502329
0.3431803
0.8634731
0.2684631
0.3329341
0.5618762
0.3329341
3.980373
0.8924817
0.1833001
0.2105123
0.0263473
0.04630738
1.410313
0.8055888
0.4033932
0.02222222
0.04065203
0.0007318696
0.5819694
1.603925
0.3491018
0.0681304
0.145509
0.04510978
0.1340652
0
0.1538257
2.100399
0.1908849
19.13453
0.7677977
0.919827
5.329208
1.542781
5.777844
16.83613
11.15848
5.188756
8.821357
0.3916833
0.1322688
5.274451
19.15868
27.91816
7.714238
29.10093
23.59687
0.3813706
11.04624
10.59002
8.149767
1.494677
5.784498
12.6513
9.753094
17.10818
5.412309
0.138656
0.03978709
1.965935
1.407585
2.647505
0.04856953
0.4071856
0.04211577
0
0.4916168
2.93513
3.403393
4.643979
1.991084
2.106055
5.29175
0.3077179
0.001530273
0
9.69328
3.924551
0.8201597
2.655755
6.571657
5.589022
1.346707
0.02049235
0.01796407
0.07238856
0
2.362874
0.6894877
2.797538
0.9523619
0.5072522
0.06833001
0.001264138
0
0
0
0
0.0002661344
0.6063207
0.02149035
0
0
1.040519
0.001530273
0.7782435
1.115968
0.1875582
10.87552
0.1805057
0
0.08829009
5.993347
1.825948
0.01390552
0
0
0
12.12169
20.79687
7.124218
0.9101796
7.738589
0.8709913
0.848503
14.42149
8.491484
9.929607
5.962675
0.2121756
2.554424
9.224418
0.9145043
3.407252
9.394145
4.030805
0.2302063
0.003393213
0.02155689
0
0.355356
0
0
0
0
0
0.01004657
0
0.1038589
0
0.02328676
6.627013
1.789488
5.171923
1.271989
0.03799068
3.127745
27.19454
9.109647
17.1988
0.2883566
3.531737
0.02089155
2.102196
6.292881
18.20878
5.106454
3.749501
2.979973
0.02747838
1.213573
3.071257
1.838856
6.385296
3.750233
0.01976048
20.59275
6.769794
6.209381
7.124218
0.01131071
0.02315369
0.3635396
0.1743846
0
0.0005988024
1.564804
0.0002661344
3.056487
4.778975
0.1565536
2.700798
0.01397206
0
0.0002661344
0.009846973
0.0002661344
0.2518297
0.01397206
6.232069
5.173919
0.08682635
2.229607
3.984298
1.029408
6.446707
6.361477
3.677112
0.4191617
0.02601464
0
0.009846973
0
0.01170991
0.003592814
1.513041
0.5860279
0.01936128
1.554624
0.2807718
19.83965
0.04171657
0.008915502
0.3277445
0.514837
0.01756487
1.596873
2.335329
4.108982
0.02894212
2.28982
0.638523
1.76833
0.6956753
7.671124
0.2453094
1.895609
0.09467731
4.767132
3.851697
11.71464
11.70725
3.801264
1.287558
3.827279
1.136394
0.06161011
0
0
3.748503
2.784897
4.647438
5.450765
7.499069
14.82475
0.01616766
0.1321357
0
0.000665336
0.00758483
0.01956088
0
0.0241517
0
0.02794411
0.001929474
1.394145
0.107851
1.627745
0.02654691
0.02228876
0.3173653
0.8163673
1.03839
3.577112
0.1683965
3.562941
16.69767
1.614371
0.09201597
0.5906188
0.04577512
6.749102
6.423752
7.437126
3.118031
0.09846973
0.2745842
0.04850299
0.009447771
0.06034597
0.04244844
0.001330672
0.8208915
0.02228876
0.01956088
0.01044577
0.6314704
0.4213573
0.05475715
1.086161
0.1180971
0.1929474
1.180838
12.65928
0.5252162
2.877844
8.868263
2.278443
1.513373
4.198536
0.2804391
0.1971391
1.366334
5.750566
10.98383
17.06507
5.828543
4.830539
15.5819
0.5349301
0.0497006
4.914837
1.709847
1.862275
3.399468
0.5153027
6.83686
4.497738
1.169528
0.2323353
0.6868929
1.614371
3.309914
2.875316
8.647305
8.735063
9.9499
10.57505
11.89607
3.486693
0.9756487
14.07964
0.7792415
0.8811045
5.100399
0.8506986
5.796407
6.706121
2.068397
7.940186
1.386627
2.730539
11.01464
17.2185
7.307385
8.913839
11.30605
1.14338
5.781104
1.920559
16.72874
10.05562
9.003859
11.86633
0.3580173
8.519095
1.545709
12.64877
0.4371257
0.1665336
2.447106
0.6919494
18.61763
1.893014
0.8149035
2.544644
7.61324
8.201597
0.5628077
1.51344
1.647039
9.974983
1.949501
0.3407186
0.03579508
0.02375249
0.01277445
0.04011976
0.08562874
0.7025283
2.852562
0.04723885
0.02022621
2.198736
2.028743
0.9539587
10.02681
2.087758
2.229807
6.826946
9.856886
13.39601
0.3958084
0.7214903
2.353493
4.19002
0.4855622
0.06500333
0.1166999
0.6095808
8.148303
3.555689
3.07678
0.444644
0.01310712
0.3053227
2.445376
10.55815
0.5674651
5.721823
4.846906
0.179308
1.120625
1.394079
15.34298
4.129607
0.02840985
1.255223
12.13127
0.3926813
1.808849
0.01556886
0.03060546
0.311976
0.9924817
0.2745842
0.1799069
0.1942781
0
0
0.01257485
4.502196
0.02468396
7.42475
5.333466
0.2306055
0.01064538
9.897605
0.3009315
0.6081836
1.679108
18.50812
6.890353
6.248436
1.722422
5.582102
4.25988
18.17878
1.790885
0.4310047
1.372788
0.4039255
0.03027279
0.7281437
1.274518
8.356287
0.03725881
0.0249501
3.625482
2.988822
5.448902
13.1644
1.445908
3.74817
7.837059
3.182502
0.6413174
2.913839
1.395343
0.05422488
0.009381237
0.06320692
0.01497006
1.056287
4.125549
6.794877
7.387026
0.1690619
0.08522954
0.0247505
4.099933
0.06114438
0.02641384
0.1792415
0.02315369
0.05808383
0.07970725
0.0002661344
0.2045908
0.7770459
0.004191617
0.1532269
0.02801064
0.01636727
0.4805057
3.351763
10.32874
14.48423
20.27691
5.481171
3.818629
0.1306055
5.075848
0.1224884
0.5588822
2.483633
7.618696
1.153227
13.12409
6.028809
15.57838
1.289088
0.2194278
5.708916
5.500798
2.230539
1.348836
0.02974052
0.6836993
0.002528277
0.0598137
1.109115
3.835662
4.770126
0.9292748
2.11018
12.1002
11.87698
0.4033267
1.368397
0.07684631
0.03113772
0
0.004524285
0.6930805
0.05914837
0.009647372
0.2315369
3.873187
0.01124418
6.838656
4.466134
24.97265
0.3145709
1.227412
0.724684
8.9833
2.707252
0.8914837
16.16554
5.317232
3.761211
5.471657
1.921823
2.476114
0.9479042
3.586161
2.698669
4.367997
5.580373
5.89521
17.74358
0.02408516
6.977578
3.600399
3.211045
7.447172
2.873387
14.20546
0.04537591
0.03998669
0.01210911
1.349568
1.753293
2.281238
3.481371
0.050499
16.60745
0.1568862
0.01077844
2.304724
11.14391
0.3322688
0.1381903
11.2652
0.04743846
3.642116
0.0837658
0.01377245
0
0.01876247
0
9.264271
14.02455
0.05954757
0.7972056
0.03752495
0.6288756
0.05429142
6.468663
15.85855
14.37199
3.787691
1.273985
4.957152
0.009647372
0.01630073
0.1002661
0.03512974
3.178776
0.05475715
0.03712575
0.004590818
0.03732535
0.01197605
0
0.04411178
0.006121091
0.4011311
0.1695941
0.4371923
0.9883566
12.17199
0.6487691
0.02115768
0.2614105
4.238856
4.15509
0.5651364
0.1365269
0.8568197
13.32868
3.389554
2.147638
5.87658
7.849634
9.365269
5.484963
14.23699
5.966068
1.942781
0.8257485
29.4668
7.797073
8.514438
2.344644
19.3684
1.371391
15.0652
20.04684
8.57678
1.402395
0.1465735
0.003060546
0.02854291
53.70825
5.441118
4.265536
6.635729
1.530206
4.547239
12.1493
3.96334
4.275715
1.715037
5.926613
3.615236
5.289222
6.65336e-05
0.02308716
0.9953426
1.006454
0.6340652
3.020426
9.327678
1.432136
9.053227
0.3423154
8.504059
3.02342
14.08476
0.1363939
1.473387
0.6080506
0.114837
0.1695276
0.03133732
1.403992
0
0.4606786
3.530672
2.798802
1.071457
7.895675
4.034331
3.936394
7.665868
4.995409
1.02688
1.193014
6.298736
4.594478
0.0166334
0.06107784
0.9265469
7.728609
0.4809714
6.241184
7.064604
27.31737
1.916035
0.3679308
13.86673
2.53992
1.761344
23.23433
10.6688
7.984963
5.422089
19.86114
1.461677
1.917898
0.975316
0.01477046
0.03732535
2.815236
0.942515
4.722355
18.2495
17.52342
0.8693945
3.803992
24.40566
4.587425
1.418896
0.1642715
0.6074518
5.366068
27.05496
5.601464
1.057685
3.532868
1.160346
0.861477
0.1949434
0.08429807
0.04311377
0.2968729
4.10998
1.714305
0.1680639
0.4086494
0.04171657
0.01530273
0.0241517
0.2726547
0.1595476
0.9776447
2.388955
0.8296074
1.2666
1.584897
4.996208
9.242315
2.522754
15.84671
3.105655
0.3888224
0.3135063
0.6349967
1.050898
0.3140386
7.072322
15.97864
4.423686
8.751963
4.437059
3.935329
0.006786427
2.629474
0.1758483
1.325815
1.748769
0.03213573
0.9939454
5.42322
0.4067864
0.1024617
0.3867598
0.06626746
2.817365
0.4103127
0.5995343
10.75349
3.097871
5.787292
2.257552
1.686228
0.015835
0.01909514
0.03200266
14.1658
1.239721
0.127678
0.3214904
0.01084498
0.3037259
0.3521623
4.585895
8.763273
4.859747
0.6295409
0.1602794
1.508583
1.20978
10.79574
7.011244
2.529474
7.721357
2.398137
0.1476381
0.459348
1.957884
1.235995
19.43799
9.887891
4.028543
0.1344644
0.02821025
0.008516301
0.01330672
0
0
0
0
0
0.01077844
0
0.0002661344
3.361211
1.084298
6.807252
3.719095
9.092881
13.28656
11.47319
15.4187
8.78676
0.6026613
0.07358616
0.003592814
0.0005322688
0.01077844
0.01816367
1.375249
8.717964
2.876713
3.186826
2.654025
3.465203
3.28177
4.432601
4.184564
0.1351963
0.01144378
0
0.0002661344
13.56015
1.3002
6.473852
6.354824
4.375981
3.807518
1.097006
0.0004657352
0.0005322688
2.001796
2.546307
2.581703
0.2570858
0.2988024
4.571723
0.01849634
0.1669328
17.81071
0.9477711
1.58177
0.4419162
0.03552894
0
0
16.99854
0.8441118
2.423886
1.098004
0.3667332
0.3146374
6.425017
13.33107
0.1692615
0.959348
2.445842
2.594079
0.4217565
0.01902861
5.157019
0.0002661344
0.01510313
3.385562
0.4987359
1.603327
2.515635
1.129807
7.64185
8.971124
4.596141
0.7850965
0.005988024
0.005389221
0
0
0.01124418
0
0.01097804
0
0.0005322688
0
9.664271
0.5369261
0.005788423
0.08323353
3.757352
0.2211577
0.2066534
0.4315369
0.0002661344
0.01157685
0.01157685
2.296274
4.716234
5.309448
0.7624085
2.983234
5.589754
4.777112
0.006786427
0.05216234
0
0.03253493
0.007318696
0.4678643
4.318962
5.210579
0.2354624
0.00592149
4.010446
2.039055
0.03459747
0.3491683
0.190153
0.01969395
0.04637392
0.005056553
11.22881
0.1903526
7.651763
0.05568862
0.009381237
4.442914
0.1783766
0.2411178
0.02568197
0.1363939
7.691351
7.457418
2.912974
14.46567
21.58416
0.03792415
5.977977
13.21118
5.491351
0.01210911
1.560213
6.104125
5.293879
7.219228
6.596008
11.05888
1.109049
1.159015
0.02295409
0.02082502
2.181104
1.623752
1.675915
0.3930805
2.859681
0.3368596
0.02022621
0.1092482
0.3646707
0.04790419
0
0
0.9530273
2.133599
0.3
14.34298
2.24338
1.474983
14.67465
1.677179
0.2280106
3.25336
0.2486361
1.009248
4.825482
9.562409
11.40399
4.264604
4.075981
27.61151
20.22834
0.1697272
3.432934
0.09367931
0.04783766
0.09534265
0.00239521
0.05116434
0.02940785
0.09328011
1.725482
0.004590818
0.01077844
0.01077844
0.2586826
0.05968064
0.530672
0.6477711
7.400133
2.437725
2.721956
12.35442
32.5477
23.40845
5.830739
5.472122
8.745176
26.43992
4.411776
1.415835
10.15003
10.39128
7.847372
26.75442
7.442981
2.534198
14.98576
3.062275
2.690685
8.044045
0.6725882
13.87305
0.3389222
0.1827013
0.105988
2.723686
5.160279
13.58816
23.20466
18.1654
3.573187
2.041184
0.1191617
0.02408516
3.847239
1.387026
1.587824
0.3588157
6.976514
1.277312
15.88483
14.19135
3.182036
10.32249
3.130938
1.16853
4.030339
11.55482
0.63666
0.5023287
0.005854957
0.02887558
0.02947438
0.1718563
0.01809714
0.02648037
0.007451763
0.6246174
0.001463739
0.3005323
0.02208915
0.06161011
0.4978044
7.107252
13.06301
2.870792
14.22754
25.83533
2.700599
1.430339
4.406387
1.536128
2.009581
5.695276
6.967066
9.709514
15.38856
3.770725
12.27532
9.22994
2.169128
3.471257
6.872721
3.881238
6.581171
4.567798
0.009846973
3.314305
0.04497671
0.4552229
6.653826
5.900532
0.3782435
20.34957
7.420226
2.215369
0.4592814
3.125682
15.40599
1.2
0.3474385
4.699933
7.579375
4.563939
13.27006
3.713307
0.3452428
0.01882901
0.6688623
1.099135
0.09401197
0.03872255
0.1090486
0.01869594
0.01749834
0.005988024
0
0.3852295
0.006453759
18.72548
2.412176
0.9870925
1.554691
0.4230872
0.001197605
0.155489
0.5904192
1.635063
0.3705256
6.35163
0.7874917
0.01477046
0
0.01536926
0.6756487
0.02315369
0.02648037
1.985296
9.047106
19.49215
6.983766
0.06926148
0.3621424
1.353094
8.278709
0.1932801
5.732934
6.160146
5.315902
1.207452
1.357552
12.27345
16.01637
23.34305
0.7105123
0.000332668
0.1405855
0.02095808
0.0002661344
0
0.01077844
0
0
0.01077844
0.0005322688
0.02754491
0.01217565
0.006852961
0
0.001064538
0
0
1.387691
18.12754
2.086228
1.610313
2.69022
2.337458
0.152495
0.2318696
1.358483
0.8144378
2.079508
9.846906
0.6811045
2.479308
0.3569528
0.2800399
2.510712
0.775316
0.6254824
11.61989
0.7302062
1.707252
4.335729
2.887026
1.569727
12.13759
4.979108
1.027146
4.257951
0.002528277
0
0
0
0
0
0.04770459
3.49674
2.720226
4.230206
0.1179641
0.3805722
0.02874251
0.02827678
0.007451763
0.4699933
0
0.01749834
0.02015968
0.3685961
0
0.06360612
10.42362
0.06247505
0.244644
7.125749
19.24411
1.412708
0.09481038
0.8658683
0.1167665
0.02747838
0
0
0.01077844
0
0
0.01343979
0.01077844
0.009314704
0.1876247
0.3077844
0.2383234
0.01789754
1.443313
9.436993
5.419561
2.622222
10.80007
0.7213573
9.143047
0.6642049
0.0002661344
0.2719228
0.1062542
0.695143
4.683832
8.573253
0.03918829
0.0170326
5.177112
20.4507
0.2701929
1.253094
5.026547
14.2831
5.390353
6.943313
8.531005
5.014172
0.04491018
0
0.0002661344
7.47678
4.964338
3.11324
0.4235529
2.349102
2.183633
12.44458
6.155223
1.339987
0.1271457
3.177312
12.85183
6.877778
1.75489
1.750898
1.157485
25.94079
11.54138
0.7387226
1.870792
2.807784
1.234731
0.2420492
13.4012
0.926813
30.14604
2.056487
8.791617
1.102927
0.3815037
8.93513
0.2029275
9.581304
11.80233
1.662475
0.2980705
0.1102462
0.4240852
2.952162
9.974251
6.233799
0.8192947
4.21517
7.423287
0.8093147
26.86194
2.036061
6.570858
1.369727
2.332934
0.06174318
0.03273453
0.4840319
5.472322
2.851963
0.6445775
5.633267
0.09361277
5.649368
12.92655
32.15409
1.255356
4.468397
1.18177
11.91277
1.798071
0.7194278
3.877112
1.272455
0.2839654
0.1895542
0.2052562
8.103659
43.62342
24.51317
4.27505
0.03240186
2.351963
20.68383
2.827013
0.2953426
0.08629408
8.796208
2.042781
0.2702595
3.657019
0.1789088
0.06726547
1.527079
4.266334
0.2156354
3.179242
10.83067
2.445775
4.067731
9.947039
7.604923
10.36327
18.51816
5.230339
8.820027
17.9652
19.07691
6.816367
22.15808
15.48523
4.710047
4.027944
6.575915
24.16354
0.9362608
0.02628077
0
0.01230872
0.09274784
0.1193613
6.418629
0.1548902
0.01091151
0
2.649767
1.850699
0.4859614
0.01543579
0.1169661
2.962941
0.01350632
0.02308716
10.11544


"observed Q mm/day" :
1994-01-01		45.46
1994-01-02		44.37
1994-01-03		72.64
1994-01-04		60.53
1994-01-05		60.38
1994-01-06		88.88
1994-01-07		82.71
1994-01-08		60.88
1994-01-09		114
1994-01-10		142.5
1994-01-11		103.7
1994-01-12		134.9
1994-01-13		177.2
1994-01-14		159.8
1994-01-15		104.4
1994-01-16		76.85
1994-01-17		60.44
1994-01-18		68.15
1994-01-19		59.44
1994-01-20		61.73
1994-01-21		64.53
1994-01-22		57.35
1994-01-23		75.23
1994-01-24		53.71
1994-01-25		92.02
1994-01-26		111.4
1994-01-27		114.7
1994-01-28		74.81
1994-01-29		77.15
1994-01-30		75.13
1994-01-31		60.52
1994-02-01		155.6
1994-02-02		87.03
1994-02-03		69.32
1994-02-04		81.16
1994-02-05		66.02
1994-02-06		69.1
1994-02-07		59.53
1994-02-08		59.77
1994-02-09		56.76
1994-02-10		46.27
1994-02-11		40.99
1994-02-12		36.5
1994-02-13		32.68
1994-02-14		29.35
1994-02-15		27.72
1994-02-16		25.83
1994-02-17		23.47
1994-02-18		22.78
1994-02-19		21.65
1994-02-20		20.38
1994-02-21		19.09
1994-02-22		17.8
1994-02-23		16.81
1994-02-24		16.52
1994-02-25		15.89
1994-02-26		17.84
1994-02-27		94.84
1994-02-28		121.8
1994-03-01		75.73
1994-03-02		84.16
1994-03-03		140.7
1994-03-04		159.6
1994-03-05		223.6
1994-03-06		133.1
1994-03-07		106.1
1994-03-08		141.4
1994-03-09		95.81
1994-03-10		75.68
1994-03-11		68.24
1994-03-12		72.01
1994-03-13		89.58
1994-03-14		115.4
1994-03-15		75.19
1994-03-16		64.54
1994-03-17		61
1994-03-18		57.56
1994-03-19		49.81
1994-03-20		43.71
1994-03-21		39.19
1994-03-22		63.77
1994-03-23		184.4
1994-03-24		107.3
1994-03-25		75.76
1994-03-26		57.87
1994-03-27		56.29
1994-03-28		71.69
1994-03-29		64.43
1994-03-30		78.75
1994-03-31		125.4
1994-04-01		87.5
1994-04-02		66.82
1994-04-03		70.83
1994-04-04		69.29
1994-04-05		57.89
1994-04-06		50.36
1994-04-07		68.79
1994-04-08		73.65
1994-04-09		69.58
1994-04-10		70.07
1994-04-11		64.1
1994-04-12		60.81
1994-04-13		48.75
1994-04-14		41.25
1994-04-15		36.04
1994-04-16		33.19
1994-04-17		30.24
1994-04-18		27.5
1994-04-19		25.44
1994-04-20		24.21
1994-04-21		23.78
1994-04-22		31.62
1994-04-23		39.99
1994-04-24		35.43
1994-04-25		38.42
1994-04-26		38.88
1994-04-27		30.49
1994-04-28		30.15
1994-04-29		32.97
1994-04-30		28.24
1994-05-01		25.17
1994-05-02		25.68
1994-05-03		26.31
1994-05-04		39.56
1994-05-05		40.5
1994-05-06		35.1
1994-05-07		29.47
1994-05-08		25.98
1994-05-09		23.31
1994-05-10		21.45
1994-05-11		20.24
1994-05-12		18.83
1994-05-13		17.53
1994-05-14		16.54
1994-05-15		15.82
1994-05-16		14.83
1994-05-17		14.09
1994-05-18		13.98
1994-05-19		13.61
1994-05-20		12.83
1994-05-21		12.35
1994-05-22		11.98
1994-05-23		11.57
1994-05-24		11.28
1994-05-25		11.95
1994-05-26		13.24
1994-05-27		10.72
1994-05-28		10.38
1994-05-29		10.1
1994-05-30		9.716
1994-05-31		9.578
1994-06-01		10.19
1994-06-02		11.53
1994-06-03		10.3
1994-06-04		10.27
1994-06-05		9.383
1994-06-06		9.141
1994-06-07		8.981
1994-06-08		9.366
1994-06-09		11.15
1994-06-10		8.822
1994-06-11		8.307
1994-06-12		8.188
1994-06-13		7.852
1994-06-14		7.753
1994-06-15		8.56
1994-06-16		11.76
1994-06-17		9.943
1994-06-18		10.4
1994-06-19		11.86
1994-06-20		9.431
1994-06-21		15.41
1994-06-22		14.47
1994-06-23		12.8
1994-06-24		11.32
1994-06-25		13.08
1994-06-26		12.04
1994-06-27		16.81
1994-06-28		12.24
1994-06-29		10.4
1994-06-30		10.02
1994-07-01		8.078
1994-07-02		7.653
1994-07-03		7.634
1994-07-04		7.818
1994-07-05		8.772
1994-07-06		9.702
1994-07-07		12.56
1994-07-08		9.139
1994-07-09		8.139
1994-07-10		12.4
1994-07-11		14.65
1994-07-12		12.11
1994-07-13		10.51
1994-07-14		10.58
1994-07-15		8.66
1994-07-16		7.975
1994-07-17		7.502
1994-07-18		7.215
1994-07-19		7.021
1994-07-20		7.27
1994-07-21		9.362
1994-07-22		7.344
1994-07-23		6.723
1994-07-24		6.749
1994-07-25		6.789
1994-07-26		11.14
1994-07-27		10.72
1994-07-28		10.14
1994-07-29		7.222
1994-07-30		6.8
1994-07-31		11.62
1994-08-01		13.23
1994-08-02		8.596
1994-08-03		8.517
1994-08-04		14.41
1994-08-05		9.753
1994-08-06		8.086
1994-08-07		7.45
1994-08-08		7.201
1994-08-09		6.909
1994-08-10		6.934
1994-08-11		9.153
1994-08-12		7.483
1994-08-13		6.466
1994-08-14		6.408
1994-08-15		6.385
1994-08-16		6.56
1994-08-17		7.549
1994-08-18		9.774
1994-08-19		7.334
1994-08-20		7.272
1994-08-21		6.725
1994-08-22		6.762
1994-08-23		25.38
1994-08-24		28.81
1994-08-25		27.81
1994-08-26		17.5
1994-08-27		15.62
1994-08-28		18.62
1994-08-29		22.58
1994-08-30		15.67
1994-08-31		14.13
1994-09-01		12.14
1994-09-02		9.661
1994-09-03		9.438
1994-09-04		11.24
1994-09-05		9.779
1994-09-06		16.27
1994-09-07		18.37
1994-09-08		13.76
1994-09-09		15.81
1994-09-10		18.07
1994-09-11		29.97
1994-09-12		26.52
1994-09-13		22.64
1994-09-14		17.45
1994-09-15		16.12
1994-09-16		13.91
1994-09-17		11.78
1994-09-18		10.79
1994-09-19		11.22
1994-09-20		14.16
1994-09-21		13.45
1994-09-22		11.61
1994-09-23		10.15
1994-09-24		10.12
1994-09-25		9.67
1994-09-26		9.137
1994-09-27		8.627
1994-09-28		8.537
1994-09-29		8.699
1994-09-30		8.321
1994-10-01		9.251
1994-10-02		12.33
1994-10-03		20.85
1994-10-04		13.84
1994-10-05		11.62
1994-10-06		10.99
1994-10-07		10.08
1994-10-08		9.759
1994-10-09		9.247
1994-10-10		8.847
1994-10-11		8.443
1994-10-12		8.945
1994-10-13		10.47
1994-10-14		8.069
1994-10-15		7.966
1994-10-16		8.035
1994-10-17		7.764
1994-10-18		7.477
1994-10-19		9.191
1994-10-20		35.18
1994-10-21		23.52
1994-10-22		38.17
1994-10-23		63.65
1994-10-24		33.99
1994-10-25		26.51
1994-10-26		23.03
1994-10-27		20.77
1994-10-28		18.44
1994-10-29		17.92
1994-10-30		24.43
1994-10-31		57.34
1994-11-01		33.7
1994-11-02		26.76
1994-11-03		33.08
1994-11-04		35.24
1994-11-05		47.81
1994-11-06		38.86
1994-11-07		32.19
1994-11-08		29.02
1994-11-09		44.47
1994-11-10		42.25
1994-11-11		37.17
1994-11-12		62
1994-11-13		183.5
1994-11-14		166.3
1994-11-15		146.3
1994-11-16		103.8
1994-11-17		102.3
1994-11-18		137.7
1994-11-19		135.1
1994-11-20		96.78
1994-11-21		72.83
1994-11-22		70.33
1994-11-23		62.6
1994-11-24		48.2
1994-11-25		41.49
1994-11-26		37.28
1994-11-27		33.03
1994-11-28		29.42
1994-11-29		26.83
1994-11-30		24.8
1994-12-01		23.13
1994-12-02		21.5
1994-12-03		34
1994-12-04		29.71
1994-12-05		37.36
1994-12-06		51.7
1994-12-07		99.09
1994-12-08		189.9
1994-12-09		103.7
1994-12-10		196.6
1994-12-11		551
1994-12-12		458.2
1994-12-13		170.5
1994-12-14		110.2
1994-12-15		86.68
1994-12-16		71.08
1994-12-17		109.1
1994-12-18		92.24
1994-12-19		77.79
1994-12-20		63.16
1994-12-21		51.51
1994-12-22		44.91
1994-12-23		45.75
1994-12-24		52.51
1994-12-25		52.64
1994-12-26		55.1
1994-12-27		51.74
1994-12-28		133.9
1994-12-29		131.4
1994-12-30		176.3
1994-12-31		108.3
1995-01-01		75.6
1995-01-02		58.59
1995-01-03		49.28
1995-01-04		46.12
1995-01-05		88.05
1995-01-06		54.2
1995-01-07		53.58
1995-01-08		50.45
1995-01-09		66.23
1995-01-10		68.69
1995-01-11		55.94
1995-01-12		45.46
1995-01-13		44.22
1995-01-14		42.96
1995-01-15		43.11
1995-01-16		92.22
1995-01-17		120.7
1995-01-18		107.8
1995-01-19		80.65
1995-01-20		70.03
1995-01-21		83.31
1995-01-22		92.93
1995-01-23		89.85
1995-01-24		74.05
1995-01-25		62.97
1995-01-26		53.57
1995-01-27		47.06
1995-01-28		77.84
1995-01-29		86.66
1995-01-30		74.45
1995-01-31		420.1
1995-02-01		175.7
1995-02-02		112.2
1995-02-03		170.4
1995-02-04		117.6
1995-02-05		89.7
1995-02-06		79.84
1995-02-07		64.38
1995-02-08		51.79
1995-02-09		43.29
1995-02-10		39.82
1995-02-11		63.58
1995-02-12		83.3
1995-02-13		70.69
1995-02-14		84.46
1995-02-15		75.39
1995-02-16		60.15
1995-02-17		55.22
1995-02-18		75.02
1995-02-19		90.16
1995-02-20		81.91
1995-02-21		86.35
1995-02-22		155.8
1995-02-23		122.4
1995-02-24		88.92
1995-02-25		70.19
1995-02-26		56.21
1995-02-27		63.27
1995-02-28		118.3
1995-03-01		104.2
1995-03-02		69.68
1995-03-03		55.28
1995-03-04		47.97
1995-03-05		51.38
1995-03-06		44.33
1995-03-07		40.54
1995-03-08		37
1995-03-09		37.73
1995-03-10		139
1995-03-11		239.9
1995-03-12		98.17
1995-03-13		75.81
1995-03-14		66.44
1995-03-15		58.02
1995-03-16		76.88
1995-03-17		87.16
1995-03-18		67.97
1995-03-19		55.22
1995-03-20		45.69
1995-03-21		40.06
1995-03-22		38.1
1995-03-23		38.77
1995-03-24		46.97
1995-03-25		46.54
1995-03-26		54.8
1995-03-27		53.24
1995-03-28		44.01
1995-03-29		38.05
1995-03-30		43.01
1995-03-31		46.62
1995-04-01		40.4
1995-04-02		35.28
1995-04-03		33.07
1995-04-04		31.64
1995-04-05		34.49
1995-04-06		32.21
1995-04-07		27.86
1995-04-08		24.96
1995-04-09		23.49
1995-04-10		22.18
1995-04-11		20.62
1995-04-12		19.19
1995-04-13		17.83
1995-04-14		17.01
1995-04-15		16.37
1995-04-16		15.77
1995-04-17		17.06
1995-04-18		17.31
1995-04-19		16.18
1995-04-20		15.01
1995-04-21		14.57
1995-04-22		16.27
1995-04-23		22.27
1995-04-24		17.37
1995-04-25		16.13
1995-04-26		15
1995-04-27		14
1995-04-28		13.13
1995-04-29		12.83
1995-04-30		12.61
1995-05-01		12.23
1995-05-02		11.73
1995-05-03		11.25
1995-05-04		11.44
1995-05-05		12.65
1995-05-06		10.37
1995-05-07		10.54
1995-05-08		10.63
1995-05-09		10.42
1995-05-10		11.31
1995-05-11		12.6
1995-05-12		10.17
1995-05-13		9.677
1995-05-14		9.42
1995-05-15		9.238
1995-05-16		9.096
1995-05-17		10.16
1995-05-18		11.97
1995-05-19		9.899
1995-05-20		8.933
1995-05-21		8.603
1995-05-22		8.465
1995-05-23		8.411
1995-05-24		9.678
1995-05-25		13.19
1995-05-26		9.658
1995-05-27		13.8
1995-05-28		45.18
1995-05-29		36.83
1995-05-30		23.87
1995-05-31		18.77
1995-06-01		17.23
1995-06-02		14.83
1995-06-03		15.4
1995-06-04		18.98
1995-06-05		15.02
1995-06-06		13.61
1995-06-07		13.38
1995-06-08		12.84
1995-06-09		11.33
1995-06-10		10.84
1995-06-11		10.63
1995-06-12		9.967
1995-06-13		9.425
1995-06-14		10.03
1995-06-15		11.51
1995-06-16		9.33
1995-06-17		9.225
1995-06-18		8.934
1995-06-19		9.003
1995-06-20		14.91
1995-06-21		11.63
1995-06-22		11.3
1995-06-23		8.431
1995-06-24		7.928
1995-06-25		7.603
1995-06-26		7.268
1995-06-27		7.001
1995-06-28		7.389
1995-06-29		9.21
1995-06-30		6.888
1995-07-01		6.691
1995-07-02		6.712
1995-07-03		6.79
1995-07-04		6.552
1995-07-05		7.264
1995-07-06		9.244
1995-07-07		7.013
1995-07-08		6.67
1995-07-09		6.294
1995-07-10		6.004
1995-07-11		6.061
1995-07-12		7.458
1995-07-13		9.102
1995-07-14		9.273
1995-07-15		10.21
1995-07-16		8.933
1995-07-17		8.309
1995-07-18		10.2
1995-07-19		8.397
1995-07-20		7.997
1995-07-21		9.033
1995-07-22		7.371
1995-07-23		6.979
1995-07-24		7.37
1995-07-25		6.875
1995-07-26		5.82
1995-07-27		8.715
1995-07-28		5.25
1995-07-29		4.779
1995-07-30		4.874
1995-07-31		6.188
1995-08-01		5.038
1995-08-02		5.254
1995-08-03		7.37
1995-08-04		4.674
1995-08-05		4.502
1995-08-06		4.427
1995-08-07		4.287
1995-08-08		4.351
1995-08-09		4.696
1995-08-10		7.167
1995-08-11		4.157
1995-08-12		4.038
1995-08-13		4.118
1995-08-14		4.126
1995-08-15		4.062
1995-08-16		4.403
1995-08-17		8.092
1995-08-18		7.058
1995-08-19		4.262
1995-08-20		4.135
1995-08-21		3.94
1995-08-22		4.126
1995-08-23		6.495
1995-08-24		7.857
1995-08-25		6.765
1995-08-26		8.896
1995-08-27		8.452
1995-08-28		7.6
1995-08-29		7.439
1995-08-30		6.44
1995-08-31		7.576
1995-09-01		5.645
1995-09-02		7.157
1995-09-03		13.17
1995-09-04		10.49
1995-09-05		17.54
1995-09-06		15.99
1995-09-07		16.34
1995-09-08		41.55
1995-09-09		25.63
1995-09-10		18.18
1995-09-11		15.92
1995-09-12		14.12
1995-09-13		12.14
1995-09-14		10.79
1995-09-15		9.728
1995-09-16		9.171
1995-09-17		8.861
1995-09-18		8.563
1995-09-19		8.349
1995-09-20		8.181
1995-09-21		8.219
1995-09-22		7.512
1995-09-23		7.879
1995-09-24		19.82
1995-09-25		16.98
1995-09-26		17.83
1995-09-27		15.72
1995-09-28		13.9
1995-09-29		11.59
1995-09-30		10.69
1995-10-01		14.53
1995-10-02		21.75
1995-10-03		48.62
1995-10-04		48.65
1995-10-05		32.01
1995-10-06		80.11
1995-10-07		52.51
1995-10-08		45.73
1995-10-09		32.43
1995-10-10		26.39
1995-10-11		22.75
1995-10-12		72.16
1995-10-13		89.22
1995-10-14		50.77
1995-10-15		43.67
1995-10-16		36
1995-10-17		39.53
1995-10-18		31.54
1995-10-19		27.34
1995-10-20		27.4
1995-10-21		23.68
1995-10-22		55.34
1995-10-23		84.2
1995-10-24		76.15
1995-10-25		90.83
1995-10-26		261.7
1995-10-27		148.8
1995-10-28		92.87
1995-10-29		69.2
1995-10-30		57.59
1995-10-31		51.24
1995-11-01		44.69
1995-11-02		37.87
1995-11-03		33.04
1995-11-04		29.36
1995-11-05		26.68
1995-11-06		24.35
1995-11-07		22.71
1995-11-08		21.3
1995-11-09		20.1
1995-11-10		18.96
1995-11-11		40.15
1995-11-12		47.59
1995-11-13		32.62
1995-11-14		28.7
1995-11-15		116.3
1995-11-16		123.5
1995-11-17		71.19
1995-11-18		53.23
1995-11-19		44.78
1995-11-20		38.96
1995-11-21		35.33
1995-11-22		34.18
1995-11-23		37.7
1995-11-24		100.5
1995-11-25		84.97
1995-11-26		75.58
1995-11-27		55.34
1995-11-28		45.43
1995-11-29		39.78
1995-11-30		35.17
1995-12-01		31.37
1995-12-02		28.53
1995-12-03		31.03
1995-12-04		29.88
1995-12-05		26.71
1995-12-06		25.22
1995-12-07		24.27
1995-12-08		21.85
1995-12-09		20.94
1995-12-10		21.17
1995-12-11		19.72
1995-12-12		18.55
1995-12-13		17.95
1995-12-14		17.84
1995-12-15		17.55
1995-12-16		18.39
1995-12-17		17.14
1995-12-18		16.95
1995-12-19		19.63
1995-12-20		16.81
1995-12-21		15.96
1995-12-22		28.92
1995-12-23		27.54
1995-12-24		21.08
1995-12-25		16.95
1995-12-26		14.97
1995-12-27		13.71
1995-12-28		12.41
1995-12-29		11.2
1995-12-30		10.31
1995-12-31		9.366
1996-01-01		10.78
1996-01-02		14.3
1996-01-03		23.06
1996-01-04		48.48
1996-01-05		62.49
1996-01-06		57.12
1996-01-07		89.19
1996-01-08		136.3
1996-01-09		130.8
1996-01-10		97.21
1996-01-11		83.75
1996-01-12		94.77
1996-01-13		100.9
1996-01-14		85.23
1996-01-15		64.62
1996-01-16		52.88
1996-01-17		45.46
1996-01-18		40.14
1996-01-19		35.13
1996-01-20		31.43
1996-01-21		28.04
1996-01-22		25.99
1996-01-23		23.63
1996-01-24		21.62
1996-01-25		19.97
1996-01-26		18.72
1996-01-27		17.49
1996-01-28		18.67
1996-01-29		17.17
1996-01-30		16.27
1996-01-31		15.68
1996-02-01		14.86
1996-02-02		14.64
1996-02-03		14.03
1996-02-04		13.61
1996-02-05		13.21
1996-02-06		13.22
1996-02-07		13.22
1996-02-08		12.89
1996-02-09		26
1996-02-10		142.4
1996-02-11		137.6
1996-02-12		229.6
1996-02-13		126.9
1996-02-14		81.73
1996-02-15		113.7
1996-02-16		157.3
1996-02-17		110.9
1996-02-18		111.3
1996-02-19		71.43
1996-02-20		56.15
1996-02-21		49
1996-02-22		51.86
1996-02-23		59.31
1996-02-24		68.95
1996-02-25		59.19
1996-02-26		47.19
1996-02-27		40.61
1996-02-28		36.13
1996-02-29		34.61
1996-03-01		33.64
1996-03-02		32.22
1996-03-03		34.88
1996-03-04		33.17
1996-03-05		28.54
1996-03-06		25.92
1996-03-07		24.68
1996-03-08		23.37
1996-03-09		22.1
1996-03-10		20.24
1996-03-11		25.25
1996-03-12		44.22
1996-03-13		28.02
1996-03-14		23.72
1996-03-15		21.35
1996-03-16		20.63
1996-03-17		21.59
1996-03-18		21.39
1996-03-19		21.38
1996-03-20		19.95
1996-03-21		18.99
1996-03-22		18.16
1996-03-23		17.27
1996-03-24		17.04
1996-03-25		16.61
1996-03-26		15.99
1996-03-27		15.09
1996-03-28		14.82
1996-03-29		13.87
1996-03-30		13.15
1996-03-31		12.67
1996-04-01		12.29
1996-04-02		12.07
1996-04-03		11.73
1996-04-04		11.45
1996-04-05		11.06
1996-04-06		10.88
1996-04-07		10.78
1996-04-08		10.86
1996-04-09		11.83
1996-04-10		13.38
1996-04-11		14.14
1996-04-12		12.12
1996-04-13		11.05
1996-04-14		10.77
1996-04-15		10.99
1996-04-16		21.83
1996-04-17		30.45
1996-04-18		64.99
1996-04-19		37.6
1996-04-20		30.5
1996-04-21		30.08
1996-04-22		28.14
1996-04-23		42.84
1996-04-24		35.96
1996-04-25		30.79
1996-04-26		33.32
1996-04-27		32.24
1996-04-28		25.81
1996-04-29		24.54
1996-04-30		28.86
1996-05-01		66.73
1996-05-02		55.28
1996-05-03		42.7
1996-05-04		34.88
1996-05-05		31.42
1996-05-06		28.8
1996-05-07		25.82
1996-05-08		22.98
1996-05-09		20.4
1996-05-10		18.77
1996-05-11		19.37
1996-05-12		18.18
1996-05-13		16.51
1996-05-14		15.07
1996-05-15		14.42
1996-05-16		13.88
1996-05-17		13.12
1996-05-18		12.68
1996-05-19		13.27
1996-05-20		13.18
1996-05-21		12.54
1996-05-22		15.32
1996-05-23		18.27
1996-05-24		17.61
1996-05-25		16.67
1996-05-26		17.54
1996-05-27		21.16
1996-05-28		19.06
1996-05-29		22.52
1996-05-30		20.36
1996-05-31		25.22
1996-06-01		20.9
1996-06-02		18.06
1996-06-03		20.61
1996-06-04		22.08
1996-06-05		19.97
1996-06-06		18.38
1996-06-07		15.19
1996-06-08		13.23
1996-06-09		12.48
1996-06-10		21.33
1996-06-11		33.86
1996-06-12		27.16
1996-06-13		18.21
1996-06-14		14.79
1996-06-15		12.8
1996-06-16		11.55
1996-06-17		10.57
1996-06-18		10.01
1996-06-19		9.845
1996-06-20		9.667
1996-06-21		8.901
1996-06-22		8.548
1996-06-23		8.114
1996-06-24		7.724
1996-06-25		7.56
1996-06-26		8.38
1996-06-27		9.504
1996-06-28		8.088
1996-06-29		7.888
1996-06-30		7.35
1996-07-01		8.126
1996-07-02		8.911
1996-07-03		17.66
1996-07-04		17.07
1996-07-05		12.72
1996-07-06		9.874
1996-07-07		9.078
1996-07-08		8.312
1996-07-09		7.667
1996-07-10		7.993
1996-07-11		9.328
1996-07-12		7.182
1996-07-13		6.893
1996-07-14		6.666
1996-07-15		6.32
1996-07-16		6.137
1996-07-17		6.554
1996-07-18		8.219
1996-07-19		5.864
1996-07-20		5.559
1996-07-21		5.585
1996-07-22		6.481
1996-07-23		6.616
1996-07-24		11.25
1996-07-25		9.753
1996-07-26		7.075
1996-07-27		6.457
1996-07-28		6.223
1996-07-29		6.188
1996-07-30		6.196
1996-07-31		6.672
1996-08-01		8.38
1996-08-02		6.13
1996-08-03		5.762
1996-08-04		5.548
1996-08-05		5.407
1996-08-06		5.602
1996-08-07		6.836
1996-08-08		8.446
1996-08-09		5.83
1996-08-10		6.896
1996-08-11		6.765
1996-08-12		5.936
1996-08-13		5.601
1996-08-14		5.958
1996-08-15		7.974
1996-08-16		5.405
1996-08-17		5.264
1996-08-18		5.174
1996-08-19		5.095
1996-08-20		5.371
1996-08-21		8.514
1996-08-22		9.011
1996-08-23		6.601
1996-08-24		7.384
1996-08-25		8.064
1996-08-26		7.603
1996-08-27		8.909
1996-08-28		8.355
1996-08-29		8.882
1996-08-30		6.254
1996-08-31		5.795
1996-09-01		5.816
1996-09-02		6.033
1996-09-03		5.823
1996-09-04		6.077
1996-09-05		8.258
1996-09-06		5.658
1996-09-07		5.302
1996-09-08		5.174
1996-09-09		5.129
1996-09-10		5.046
1996-09-11		5.484
1996-09-12		7.608
1996-09-13		5.086
1996-09-14		4.812
1996-09-15		4.749
1996-09-16		4.723
1996-09-17		4.643
1996-09-18		4.61
1996-09-19		5.076
1996-09-20		4.533
1996-09-21		4.555
1996-09-22		4.536
1996-09-23		4.478
1996-09-24		4.453
1996-09-25		4.868
1996-09-26		7.303
1996-09-27		5.758
1996-09-28		6.561
1996-09-29		15.91
1996-09-30		8.234
1996-10-01		6.452
1996-10-02		5.537
1996-10-03		15.23
1996-10-04		14.35
1996-10-05		9.167
1996-10-06		7.959
1996-10-07		7.186
1996-10-08		6.787
1996-10-09		6.328
1996-10-10		6.357
1996-10-11		11.24
1996-10-12		76.02
1996-10-13		30.06
1996-10-14		21.24
1996-10-15		44.68
1996-10-16		63.25
1996-10-17		38.02
1996-10-18		31.76
1996-10-19		31.22
1996-10-20		25.51
1996-10-21		23.41
1996-10-22		18.93
1996-10-23		16.67
1996-10-24		25.69
1996-10-25		64
1996-10-26		49.11
1996-10-27		119.8
1996-10-28		152.2
1996-10-29		86.76
1996-10-30		57.18
1996-10-31		62.33
1996-11-01		47.32
1996-11-02		51.44
1996-11-03		91.05
1996-11-04		102.4
1996-11-05		111.4
1996-11-06		135.4
1996-11-07		96.2
1996-11-08		72.81
1996-11-09		65.16
1996-11-10		51.06
1996-11-11		67.92
1996-11-12		77.09
1996-11-13		54.85
1996-11-14		51.57
1996-11-15		42.6
1996-11-16		38.57
1996-11-17		43.36
1996-11-18		35.31
1996-11-19		34.29
1996-11-20		35.11
1996-11-21		30.65
1996-11-22		32.93
1996-11-23		28.52
1996-11-24		27.48
1996-11-25		59.83
1996-11-26		51.61
1996-11-27		39.38
1996-11-28		36.42
1996-11-29		56.57
1996-11-30		76.29
1996-12-01		115.7
1996-12-02		104.9
1996-12-03		99.98
1996-12-04		118.8
1996-12-05		86.6
1996-12-06		63.82
1996-12-07		69.14
1996-12-08		166.6
1996-12-09		145.7
1996-12-10		102.3
1996-12-11		78.93
1996-12-12		64.3
1996-12-13		52.41
1996-12-14		49.9
1996-12-15		52.46
1996-12-16		43.89
1996-12-17		39.23
1996-12-18		117.3
1996-12-19		141.9
1996-12-20		85.52
1996-12-21		63.88
1996-12-22		52.03
1996-12-23		44.82
1996-12-24		38.68
1996-12-25		34.02
1996-12-26		30.33
1996-12-27		27.95
1996-12-28		26.69
1996-12-29		25.17
1996-12-30		25.43
1996-12-31		23.63
1997-01-01		21.74
1997-01-02		20.92
1997-01-03		20.4
1997-01-04		19.02
1997-01-05		17.99
1997-01-06		17.41
1997-01-07		17.43
1997-01-08		16.91
1997-01-09		16.35
1997-01-10		15.7
1997-01-11		30.63
1997-01-12		79.51
1997-01-13		53.42
1997-01-14		39.19
1997-01-15		32.53
1997-01-16		28.75
1997-01-17		26.56
1997-01-18		25.4
1997-01-19		23.74
1997-01-20		21.47
1997-01-21		20.04
1997-01-22		19.01
1997-01-23		17.77
1997-01-24		19.02
1997-01-25		19.21
1997-01-26		18.01
1997-01-27		16.83
1997-01-28		15.79
1997-01-29		15.06
1997-01-30		14.61
1997-01-31		13.87
1997-02-01		13.94
1997-02-02		14.7
1997-02-03		34.83
1997-02-04		55.38
1997-02-05		32.75
1997-02-06		35.28
1997-02-07		36.76
1997-02-08		28.29
1997-02-09		46.27
1997-02-10		143
1997-02-11		81.07
1997-02-12		114
1997-02-13		88.39
1997-02-14		60.29
1997-02-15		47.51
1997-02-16		85.01
1997-02-17		278.1
1997-02-18		163.1
1997-02-19		343.1
1997-02-20		333.2
1997-02-21		236
1997-02-22		134.1
1997-02-23		158.9
1997-02-24		160
1997-02-25		124.7
1997-02-26		92.31
1997-02-27		114.1
1997-02-28		128.8
1997-03-01		184.8
1997-03-02		209.6
1997-03-03		102.6
1997-03-04		76.67
1997-03-05		64.31
1997-03-06		52.72
1997-03-07		50.53
1997-03-08		45.37
1997-03-09		38
1997-03-10		33.69
1997-03-11		30.07
1997-03-12		27.7
1997-03-13		26.23
1997-03-14		26.53
1997-03-15		30.16
1997-03-16		35.45
1997-03-17		30.88
1997-03-18		34.46
1997-03-19		36.89
1997-03-20		29.63
1997-03-21		26.07
1997-03-22		27.23
1997-03-23		34.64
1997-03-24		31.68
1997-03-25		28.34
1997-03-26		41.28
1997-03-27		47.63
1997-03-28		42.4
1997-03-29		33.21
1997-03-30		29.05
1997-03-31		25.88
1997-04-01		23.73
1997-04-02		22.17
1997-04-03		21.65
1997-04-04		20.87
1997-04-05		21.36
1997-04-06		19.53
1997-04-07		18.4
1997-04-08		17.31
1997-04-09		16.26
1997-04-10		15.42
1997-04-11		14.59
1997-04-12		14.08
1997-04-13		13.66
1997-04-14		13.29
1997-04-15		12.87
1997-04-16		12.48
1997-04-17		12.2
1997-04-18		12
1997-04-19		11.67
1997-04-20		10.79
1997-04-21		10.49
1997-04-22		10.23
1997-04-23		10.35
1997-04-24		14.87
1997-04-25		11.5
1997-04-26		10.47
1997-04-27		10.12
1997-04-28		13.52
1997-04-29		13.55
1997-04-30		11.51
1997-05-01		10.37
1997-05-02		9.543
1997-05-03		9.402
1997-05-04		33.22
1997-05-05		65.09
1997-05-06		37.89
1997-05-07		29.94
1997-05-08		30.25
1997-05-09		24.99
1997-05-10		22.61
1997-05-11		57.42
1997-05-12		64.84
1997-05-13		70.93
1997-05-14		52.1
1997-05-15		40.2
1997-05-16		34.39
1997-05-17		49.16
1997-05-18		41.23
1997-05-19		36.37
1997-05-20		60.34
1997-05-21		47.02
1997-05-22		36.92
1997-05-23		31.24
1997-05-24		27.14
1997-05-25		24.21
1997-05-26		22.19
1997-05-27		20.02
1997-05-28		18.86
1997-05-29		17.22
1997-05-30		15.6
1997-05-31		14.52
1997-06-01		13.68
1997-06-02		13.2
1997-06-03		12.78
1997-06-04		12.29
1997-06-05		12.05
1997-06-06		12.68
1997-06-07		11.88
1997-06-08		12.01
1997-06-09		11.16
1997-06-10		10.31
1997-06-11		28.44
1997-06-12		39.64
1997-06-13		54.01
1997-06-14		55.87
1997-06-15		37.34
1997-06-16		29.95
1997-06-17		25.05
1997-06-18		22.74
1997-06-19		56.41
1997-06-20		53.46
1997-06-21		48.22
1997-06-22		45.95
1997-06-23		37.22
1997-06-24		29.99
1997-06-25		27.74
1997-06-26		25.41
1997-06-27		23.04
1997-06-28		33
1997-06-29		27.67
1997-06-30		27.64
1997-07-01		84.63
1997-07-02		55.9
1997-07-03		78.68
1997-07-04		57.68
1997-07-05		43.63
1997-07-06		36.52
1997-07-07		31.52
1997-07-08		27.46
1997-07-09		24.46
1997-07-10		22.17
1997-07-11		19.99
1997-07-12		18.66
1997-07-13		18.88
1997-07-14		17.45
1997-07-15		15.95
1997-07-16		16.47
1997-07-17		15.01
1997-07-18		13.73
1997-07-19		12.82
1997-07-20		12.03
1997-07-21		11.47
1997-07-22		11.04
1997-07-23		11.75
1997-07-24		13.66
1997-07-25		11.59
1997-07-26		10.68
1997-07-27		10.43
1997-07-28		10.47
1997-07-29		10.33
1997-07-30		13.69
1997-07-31		16.11
1997-08-01		13.32
1997-08-02		11.76
1997-08-03		10.56
1997-08-04		10.35
1997-08-05		11.21
1997-08-06		11.67
1997-08-07		12.02
1997-08-08		11.57
1997-08-09		11.7
1997-08-10		11.54
1997-08-11		11.46
1997-08-12		11.45
1997-08-13		15.54
1997-08-14		19.06
1997-08-15		14.03
1997-08-16		12.66
1997-08-17		12.06
1997-08-18		11.66
1997-08-19		11.32
1997-08-20		11.66
1997-08-21		13.11
1997-08-22		12.22
1997-08-23		11.5
1997-08-24		11.57
1997-08-25		11.39
1997-08-26		11.21
1997-08-27		12.61
1997-08-28		14.15
1997-08-29		12.16
1997-08-30		11.55
1997-08-31		11.38
1997-09-01		14.16
1997-09-02		16.61
1997-09-03		74.23
1997-09-04		37.42
1997-09-05		26.28
1997-09-06		21.47
1997-09-07		19.69
1997-09-08		16.71
1997-09-09		14.83
1997-09-10		13.81
1997-09-11		13.56
1997-09-12		13.41
1997-09-13		13.13
1997-09-14		14.64
1997-09-15		22.03
1997-09-16		76.87
1997-09-17		43
1997-09-18		26.21
1997-09-19		19.85
1997-09-20		16.26
1997-09-21		14.17
1997-09-22		12.63
1997-09-23		11.14
1997-09-24		10.77
1997-09-25		10.89
1997-09-26		9.655
1997-09-27		9.285
1997-09-28		9.324
1997-09-29		9.603
1997-09-30		8.738
1997-10-01		8.202
1997-10-02		8.054
1997-10-03		7.499
1997-10-04		7.349
1997-10-05		7.272
1997-10-06		7.45
1997-10-07		8.24
1997-10-08		8.237
1997-10-09		12.07
1997-10-10		23.82
1997-10-11		13.06
1997-10-12		10.32
1997-10-13		9.216
1997-10-14		8.956
1997-10-15		11.88
1997-10-16		28.21
1997-10-17		54.11
1997-10-18		30.95
1997-10-19		21.3
1997-10-20		17.16
1997-10-21		14.49
1997-10-22		13.04
1997-10-23		12.03
1997-10-24		10.9
1997-10-25		10.26
1997-10-26		9.833
1997-10-27		9.446
1997-10-28		9.174
1997-10-29		9.123
1997-10-30		10.26
1997-10-31		8.722
1997-11-01		8.374
1997-11-02		8.315
1997-11-03		8.118
1997-11-04		7.973
1997-11-05		12.09
1997-11-06		20.18
1997-11-07		13.11
1997-11-08		24.02
1997-11-09		21.78
1997-11-10		19.97
1997-11-11		20.9
1997-11-12		20.31
1997-11-13		16.93
1997-11-14		16.55
1997-11-15		16.6
1997-11-16		55.29
1997-11-17		42.44
1997-11-18		125.5
1997-11-19		72.18
1997-11-20		86.78
1997-11-21		86.16
1997-11-22		52.56
1997-11-23		40.79
1997-11-24		43.44
1997-11-25		37.45
1997-11-26		33.1
1997-11-27		35.24
1997-11-28		32.54
1997-11-29		47.28
1997-11-30		42.48
1997-12-01		33.53
1997-12-02		29.95
1997-12-03		27.72
1997-12-04		25.84
1997-12-05		25.08
1997-12-06		42.07
1997-12-07		48.12
1997-12-08		147.2
1997-12-09		108
1997-12-10		139.4
1997-12-11		188.1
1997-12-12		105.5
1997-12-13		79.68
1997-12-14		61.15
1997-12-15		50.34
1997-12-16		43.05
1997-12-17		38.26
1997-12-18		77.37
1997-12-19		79.34
1997-12-20		88.59
1997-12-21		64.37
1997-12-22		53.11
1997-12-23		52.68
1997-12-24		108.8
1997-12-25		157
1997-12-26		114.9
1997-12-27		78.62
1997-12-28		63.29
1997-12-29		51.57
1997-12-30		64.71
1997-12-31		80.57
1998-01-01		101.9
1998-01-02		88.37
1998-01-03		115.9
1998-01-04		83.65
1998-01-05		73.1
1998-01-06		75.14
1998-01-07		102.3
1998-01-08		85.87
1998-01-09		142.8
1998-01-10		82.56
1998-01-11		65.41
1998-01-12		56.81
1998-01-13		73.23
1998-01-14		85.16
1998-01-15		66.33
1998-01-16		54.48
1998-01-17		58.72
1998-01-18		74.48
1998-01-19		64.66
1998-01-20		49.63
1998-01-21		55.09
1998-01-22		64.01
1998-01-23		75.49
1998-01-24		60.4
1998-01-25		51.59
1998-01-26		45.21
1998-01-27		40.27
1998-01-28		36.04
1998-01-29		32.46
1998-01-30		30.06
1998-01-31		28.33
1998-02-01		27.74
1998-02-02		24.89
1998-02-03		22.94
1998-02-04		23.66
1998-02-05		23.18
1998-02-06		27.85
1998-02-07		34
1998-02-08		32.54
1998-02-09		45.51
1998-02-10		43.87
1998-02-11		141.1
1998-02-12		83.58
1998-02-13		57.14
1998-02-14		49.19
1998-02-15		45.35
1998-02-16		49.32
1998-02-17		39.51
1998-02-18		35.25
1998-02-19		32.68
1998-02-20		39.86
1998-02-21		46.34
1998-02-22		39.66
1998-02-23		39.51
1998-02-24		34.17
1998-02-25		30.54
1998-02-26		28.42
1998-02-27		41.86
1998-02-28		35.77
1998-03-01		32.47
1998-03-02		39.13
1998-03-03		53.76
1998-03-04		37.75
1998-03-05		32.88
1998-03-06		34.8
1998-03-07		91.05
1998-03-08		58.74
1998-03-09		46.68
1998-03-10		70.37
1998-03-11		72.66
1998-03-12		51.73
1998-03-13		44.18
1998-03-14		38.93
1998-03-15		34.86
1998-03-16		32.93
1998-03-17		31.73
1998-03-18		29.32
1998-03-19		28.14
1998-03-20		27.6
1998-03-21		27.33
1998-03-22		26.58
1998-03-23		25.72
1998-03-24		27.56
1998-03-25		25.81
1998-03-26		50.33
1998-03-27		37.39
1998-03-28		28.73
1998-03-29		30.68
1998-03-30		44.53
1998-03-31		31.27
1998-04-01		27.49
1998-04-02		30.44
1998-04-03		90.95
1998-04-04		73.41
1998-04-05		69.58
1998-04-06		60.27
1998-04-07		57.87
1998-04-08		111.6
1998-04-09		92.68
1998-04-10		69.35
1998-04-11		56.02
1998-04-12		48.14
1998-04-13		42.07
1998-04-14		37.93
1998-04-15		35.52
1998-04-16		40.56
1998-04-17		37.06
1998-04-18		32.85
1998-04-19		31.75
1998-04-20		38.09
1998-04-21		34.71
1998-04-22		65.26
1998-04-23		76.13
1998-04-24		50.81
1998-04-25		49.95
1998-04-26		74.88
1998-04-27		52.2
1998-04-28		44.14
1998-04-29		40.42
1998-04-30		34.51
1998-05-01		28.04
1998-05-02		25.76
1998-05-03		23.95
1998-05-04		22.54
1998-05-05		22.94
1998-05-06		22.39
1998-05-07		37.46
1998-05-08		30.46
1998-05-09		22.9
1998-05-10		19.32
1998-05-11		17.86
1998-05-12		17.82
1998-05-13		16.45
1998-05-14		15.56
1998-05-15		14.87
1998-05-16		13.87
1998-05-17		12.98
1998-05-18		12.18
1998-05-19		11.61
1998-05-20		11.92
1998-05-21		12.07
1998-05-22		10.75
1998-05-23		10.23
1998-05-24		9.949
1998-05-25		9.712
1998-05-26		9.546
1998-05-27		10.9
1998-05-28		13.77
1998-05-29		73.3
1998-05-30		46.48
1998-05-31		52.07
1998-06-01		38.33
1998-06-02		31.45
1998-06-03		33.11
1998-06-04		24.75
1998-06-05		20.89
1998-06-06		22.67
1998-06-07		24.95
1998-06-08		33.3
1998-06-09		45.75
1998-06-10		81.49
1998-06-11		63.89
1998-06-12		42.47
1998-06-13		37.42
1998-06-14		39.45
1998-06-15		46.67
1998-06-16		37.71
1998-06-17		32.49
1998-06-18		29
1998-06-19		26.81
1998-06-20		24.34
1998-06-21		22.57
1998-06-22		20.23
1998-06-23		19.47
1998-06-24		33.96
1998-06-25		21.08
1998-06-26		34.61
1998-06-27		56.47
1998-06-28		41.43
1998-06-29		27.42
1998-06-30		22.98
1998-07-01		19.82
1998-07-02		17.75
1998-07-03		15.97
1998-07-04		14.85
1998-07-05		14.43
1998-07-06		13.52
1998-07-07		12.65
1998-07-08		12.56
1998-07-09		13.15
1998-07-10		12.43
1998-07-11		12.91
1998-07-12		51.93
1998-07-13		39.85
1998-07-14		24.55
1998-07-15		21.44
1998-07-16		19.27
1998-07-17		23.67
1998-07-18		21.18
1998-07-19		34.1
1998-07-20		82.71
1998-07-21		47.99
1998-07-22		42.55
1998-07-23		47.55
1998-07-24		35.62
1998-07-25		28.98
1998-07-26		28.13
1998-07-27		31.02
1998-07-28		26.66
1998-07-29		31.67
1998-07-30		40.16
1998-07-31		69.69
1998-08-01		62.53
1998-08-02		41.49
1998-08-03		61.23
1998-08-04		45.48
1998-08-05		41.69
1998-08-06		50.16
1998-08-07		58.59
1998-08-08		81.49
1998-08-09		51.31
1998-08-10		42.05
1998-08-11		36.31
1998-08-12		35.09
1998-08-13		31.31
1998-08-14		32.88
1998-08-15		30.4
1998-08-16		33.89
1998-08-17		68.37
1998-08-18		37.19
1998-08-19		30.72
1998-08-20		37.19
1998-08-21		51.87
1998-08-22		34.51
1998-08-23		41.95
1998-08-24		40.89
1998-08-25		33.25
1998-08-26		27.84
1998-08-27		23.48
1998-08-28		21.53
1998-08-29		20.28
1998-08-30		19.07
1998-08-31		20.35
1998-09-01		69.63
1998-09-02		44.73
1998-09-03		31.98
1998-09-04		27.37
1998-09-05		24.37
1998-09-06		22.51
1998-09-07		21.13
1998-09-08		44.6
1998-09-09		104
1998-09-10		87.23
1998-09-11		55.54
1998-09-12		46
1998-09-13		45.2
1998-09-14		34.9
1998-09-15		29.73
1998-09-16		26.84
1998-09-17		23.94
1998-09-18		23.56
1998-09-19		21.44
1998-09-20		19.86
1998-09-21		18.7
1998-09-22		17.88
1998-09-23		17.44
1998-09-24		16.68
1998-09-25		16.01
1998-09-26		15.58
1998-09-27		15.11
1998-09-28		14.7
1998-09-29		14.09
1998-09-30		16.03
1998-10-01		22.09
1998-10-02		17.18
1998-10-03		15.25
1998-10-04		14.59
1998-10-05		18.29
1998-10-06		18.54
1998-10-07		16.12
1998-10-08		15.08
1998-10-09		35.07
1998-10-10		27.31
1998-10-11		22.92
1998-10-12		20.6
1998-10-13		36.29
1998-10-14		46.91
1998-10-15		55.64
1998-10-16		86.9
1998-10-17		111.3
1998-10-18		67.24
1998-10-19		51.11
1998-10-20		85.76
1998-10-21		198.7
1998-10-22		114
1998-10-23		95.92
1998-10-24		172.9
1998-10-25		101.1
1998-10-26		78.61
1998-10-27		154.4
1998-10-28		200
1998-10-29		113.7
1998-10-30		79.18
1998-10-31		61.33
1998-11-01		49.84
1998-11-02		171.6
1998-11-03		298.1
1998-11-04		125.9
1998-11-05		136
1998-11-06		95.88
1998-11-07		83.02
1998-11-08		78.1
1998-11-09		118
1998-11-10		78.52
1998-11-11		63.24
1998-11-12		59.45
1998-11-13		60.17
1998-11-14		67.66
1998-11-15		55.89
1998-11-16		46.21
1998-11-17		40.69
1998-11-18		38.45
1998-11-19		35.24
1998-11-20		33.3
1998-11-21		36.98
1998-11-22		62.46
1998-11-23		43.15
1998-11-24		63.08
1998-11-25		45.46
1998-11-26		60.8
1998-11-27		48.75
1998-11-28		114
1998-11-29		61.35
1998-11-30		49.95
1998-12-01		42.95
1998-12-02		37.94
1998-12-03		34.38
1998-12-04		30.82
1998-12-05		28.13
1998-12-06		25.21
1998-12-07		25.27
1998-12-08		38.99
1998-12-09		30.08
1998-12-10		46.59
1998-12-11		40.76
1998-12-12		41.04
1998-12-13		52.77
1998-12-14		70.94
1998-12-15		51.92
1998-12-16		41.4
1998-12-17		50.09
1998-12-18		57.1
1998-12-19		45.95
1998-12-20		35.73
1998-12-21		31.34
1998-12-22		36.41
1998-12-23		43.99
1998-12-24		40.69
1998-12-25		53.18
1998-12-26		147.6
1998-12-27		130.7
1998-12-28		70.18
1998-12-29		62.75
1998-12-30		101.9
1998-12-31		67.25
1999-01-01		87.98
1999-01-02		216.6
1999-01-03		117.2
1999-01-04		102.1
1999-01-05		171
1999-01-06		132.8
1999-01-07		91.78
1999-01-08		73.75
1999-01-09		57.47
1999-01-10		47.27
1999-01-11		40.82
1999-01-12		37.89
1999-01-13		43.79
1999-01-14		63.97
1999-01-15		229.6
1999-01-16		108
1999-01-17		72.51
1999-01-18		112.5
1999-01-19		190.9
1999-01-20		95.08
1999-01-21		67.49
1999-01-22		54.1
1999-01-23		56.5
1999-01-24		107.3
1999-01-25		141.5
1999-01-26		87.3
1999-01-27		71.43
1999-01-28		70.94
1999-01-29		58.76
1999-01-30		52.02
1999-01-31		44.29
1999-02-01		39.23
1999-02-02		35.53
1999-02-03		34.96
1999-02-04		41.89
1999-02-05		33.15
1999-02-06		28.87
1999-02-07		25.89
1999-02-08		23.37
1999-02-09		21.02
1999-02-10		20
1999-02-11		19.8
1999-02-12		19.57
1999-02-13		18.47
1999-02-14		19.88
1999-02-15		19.21
1999-02-16		18.84
1999-02-17		17.66
1999-02-18		25.33
1999-02-19		46.72
1999-02-20		47.14
1999-02-21		65.9
1999-02-22		43.1
1999-02-23		33.79
1999-02-24		29.51
1999-02-25		30.63
1999-02-26		30.4
1999-02-27		26.2
1999-02-28		71.84
1999-03-01		54.63
1999-03-02		71.22
1999-03-03		70.28
1999-03-04		64.32
1999-03-05		49.82
1999-03-06		43.75
1999-03-07		39.95
1999-03-08		34.95
1999-03-09		33.55
1999-03-10		30.8
1999-03-11		28.34
1999-03-12		32.15
1999-03-13		37.6
1999-03-14		29.53
1999-03-15		26.2
1999-03-16		24.26
1999-03-17		22.62
1999-03-18		22.5
1999-03-19		20.57
1999-03-20		19.66
1999-03-21		40.88
1999-03-22		29.94
1999-03-23		35.65
1999-03-24		32.33
1999-03-25		27.49
1999-03-26		24.25
1999-03-27		21.86
1999-03-28		28.47
1999-03-29		61.26
1999-03-30		33.64
1999-03-31		26.58
1999-04-01		23.38
1999-04-02		21.09
1999-04-03		19.67
1999-04-04		19.13
1999-04-05		24.9
1999-04-06		55.07
1999-04-07		32.37
1999-04-08		25.28
1999-04-09		22.08
1999-04-10		21.29
1999-04-11		28.1
1999-04-12		36.51
1999-04-13		31.23
1999-04-14		27.67
1999-04-15		38.03
1999-04-16		32.52
1999-04-17		27.41
1999-04-18		25.69
1999-04-19		24.06
1999-04-20		66.8
1999-04-21		84.37
1999-04-22		84.1
1999-04-23		60.57
1999-04-24		44.18
1999-04-25		36.56
1999-04-26		31.57
1999-04-27		27.92
1999-04-28		25.09
1999-04-29		22.59
1999-04-30		20.64
1999-05-01		19.13
1999-05-02		17.8
1999-05-03		16.86
1999-05-04		15.75
1999-05-05		15.25
1999-05-06		16.06
1999-05-07		15.07
1999-05-08		18.11
1999-05-09		25.48
1999-05-10		35.12
1999-05-11		75.05
1999-05-12		135.9
1999-05-13		100.6
1999-05-14		62.44
1999-05-15		44.9
1999-05-16		35.71
1999-05-17		29.77
1999-05-18		25.57
1999-05-19		23.08
1999-05-20		20.58
1999-05-21		20.93
1999-05-22		20.98
1999-05-23		20.19
1999-05-24		20.72
1999-05-25		18.37
1999-05-26		24.85
1999-05-27		21.42
1999-05-28		27.45
1999-05-29		22.54
1999-05-30		18.36
1999-05-31		16.39
1999-06-01		15.06
1999-06-02		18.12
1999-06-03		30.8
1999-06-04		25.44
1999-06-05		32.6
1999-06-06		30.74
1999-06-07		34.55
1999-06-08		30.08
1999-06-09		23.65
1999-06-10		20.08
1999-06-11		18.08
1999-06-12		18.35
1999-06-13		18.24
1999-06-14		17.19
1999-06-15		15.29
1999-06-16		14.9
1999-06-17		14.92
1999-06-18		13.29
1999-06-19		24.21
1999-06-20		32.86
1999-06-21		20.19
1999-06-22		17.31
1999-06-23		15.78
1999-06-24		14.41
1999-06-25		13.1
1999-06-26		13.07
1999-06-27		22.65
1999-06-28		17.79
1999-06-29		16.97
1999-06-30		12.72
1999-07-01		11.86
1999-07-02		11.74
1999-07-03		30.55
1999-07-04		21.78
1999-07-05		16.42
1999-07-06		15.39
1999-07-07		14.01
1999-07-08		13.56
1999-07-09		12.23
1999-07-10		14.29
1999-07-11		14.69
1999-07-12		12.07
1999-07-13		11.64
1999-07-14		12.16
1999-07-15		12.42
1999-07-16		10.7
1999-07-17		10.82
1999-07-18		11.49
1999-07-19		16.16
1999-07-20		29.35
1999-07-21		23.23
1999-07-22		17.27
1999-07-23		13.97
1999-07-24		12.62
1999-07-25		11.84
1999-07-26		11.09
1999-07-27		10.39
1999-07-28		10.93
1999-07-29		12.14
1999-07-30		9.846
1999-07-31		9.327
1999-08-01		10.05
1999-08-02		11.88
1999-08-03		9.732
1999-08-04		10.11
1999-08-05		11.8
1999-08-06		9.993
1999-08-07		9.234
1999-08-08		9.028
1999-08-09		8.793
1999-08-10		8.553
1999-08-11		9.039
1999-08-12		10.52
1999-08-13		9.056
1999-08-14		10.29
1999-08-15		9.585
1999-08-16		8.771
1999-08-17		8.896
1999-08-18		10.49
1999-08-19		10.74
1999-08-20		8.838
1999-08-21		8.241
1999-08-22		7.849
1999-08-23		7.562
1999-08-24		7.394
1999-08-25		8.359
1999-08-26		11.48
1999-08-27		10.55
1999-08-28		8.321
1999-08-29		7.914
1999-08-30		8.184
1999-08-31		8.721
1999-09-01		9.437
1999-09-02		11.32
1999-09-03		7.929
1999-09-04		7.064
1999-09-05		6.545
1999-09-06		6.532
1999-09-07		9.851
1999-09-08		10.55
1999-09-09		15.49
1999-09-10		8.842
1999-09-11		7.587
1999-09-12		9.544
1999-09-13		7.716
1999-09-14		6.983
1999-09-15		7.356
1999-09-16		9.955
1999-09-17		17.82
1999-09-18		16.36
1999-09-19		12.65
1999-09-20		72.91
1999-09-21		43.2
1999-09-22		25.25
1999-09-23		29.18
1999-09-24		63.12
1999-09-25		38.96
1999-09-26		27.25
1999-09-27		25.44
1999-09-28		26.37
1999-09-29		40.43
1999-09-30		34.8
1999-10-01		43.72
1999-10-02		48.77
1999-10-03		34.83
1999-10-04		28.65
1999-10-05		24.47
1999-10-06		21.99
1999-10-07		20.95
1999-10-08		19.92
1999-10-09		20.15
1999-10-10		18.87
1999-10-11		18.13
1999-10-12		16.33
1999-10-13		15.38
1999-10-14		14.63
1999-10-15		13.92
1999-10-16		13.29
1999-10-17		12.69
1999-10-18		12.18
1999-10-19		12.14
1999-10-20		12.98
1999-10-21		16.63
1999-10-22		35.54
1999-10-23		23.34
1999-10-24		28.58
1999-10-25		54.68
1999-10-26		33.65
1999-10-27		28.05
1999-10-28		27.52
1999-10-29		22.83
1999-10-30		24.02
1999-10-31		30.38
1999-11-01		81.17
1999-11-02		51.33
1999-11-03		39.72
1999-11-04		64.29
1999-11-05		267.5
1999-11-06		132.7
1999-11-07		80.34
1999-11-08		60.59
1999-11-09		47.37
1999-11-10		39.73
1999-11-11		34.57
1999-11-12		30.73
1999-11-13		27.62
1999-11-14		25.12
1999-11-15		23.25
1999-11-16		22.07
1999-11-17		20.19
1999-11-18		18.67
1999-11-19		17.15
1999-11-20		16.17
1999-11-21		15.51
1999-11-22		15.23
1999-11-23		14.63
1999-11-24		25.07
1999-11-25		21.01
1999-11-26		52.95
1999-11-27		53.09
1999-11-28		429.1
1999-11-29		139.8
1999-11-30		111.7
1999-12-01		90.05
1999-12-02		107.9
1999-12-03		208.1
1999-12-04		101
1999-12-05		89.38
1999-12-06		158.4
1999-12-07		118.3
1999-12-08		174.7
1999-12-09		233.5
1999-12-10		128.5
1999-12-11		122.6
1999-12-12		132.3
1999-12-13		88.78
1999-12-14		70.29
1999-12-15		56.7
1999-12-16		106
1999-12-17		177.7
1999-12-18		85.36
1999-12-19		61.51
1999-12-20		50.09
1999-12-21		45.42
1999-12-22		124.7
1999-12-23		159.3
1999-12-24		201.3
1999-12-25		147.8
1999-12-26		92.88
1999-12-27		71.7
1999-12-28		56.29
1999-12-29		46.78
1999-12-30		54.72
1999-12-31		57.01
2000-01-01		52.32
2000-01-02		47.22
2000-01-03		61.02
2000-01-04		66.98
2000-01-05		126
2000-01-06		128.7
2000-01-07		127.2
2000-01-08		96.98
2000-01-09		70.36
2000-01-10		71.98
2000-01-11		87.89
2000-01-12		85.83
2000-01-13		64.64
2000-01-14		53.04
2000-01-15		45.27
2000-01-16		40.55
2000-01-17		36.66
2000-01-18		33.45
2000-01-19		30.56
2000-01-20		28.3
2000-01-21		26.49
2000-01-22		24.99
2000-01-23		23.24
2000-01-24		22.13
2000-01-25		20.91
2000-01-26		20.05
2000-01-27		19.76
2000-01-28		35.08
2000-01-29		66.51
2000-01-30		77.24
2000-01-31		123.4
2000-02-01		185.3
2000-02-02		89.61
2000-02-03		63.92
2000-02-04		67.8
2000-02-05		55.11
2000-02-06		57.47
2000-02-07		77.3
2000-02-08		65.98
2000-02-09		75.7
2000-02-10		150.6
2000-02-11		94.25
2000-02-12		102.9
2000-02-13		75.56
2000-02-14		88.1
2000-02-15		84.94
2000-02-16		69.56
2000-02-17		61.07
2000-02-18		100.9
2000-02-19		79.97
2000-02-20		62.36
2000-02-21		62.52
2000-02-22		51.03
2000-02-23		63.72
2000-02-24		66.11
2000-02-25		54.94
2000-02-26		51.69
2000-02-27		212.5
2000-02-28		93.65
2000-02-29		68.9
2000-03-01		53.56
2000-03-02		97.8
2000-03-03		79.56
2000-03-04		56.81
2000-03-05		51.45
2000-03-06		63.9
2000-03-07		74.64
2000-03-08		99.39
2000-03-09		98.55
2000-03-10		74.77
2000-03-11		58.61
2000-03-12		49.11
2000-03-13		44.1
2000-03-14		39.07
2000-03-15		34.8
2000-03-16		31.46
2000-03-17		28.65
2000-03-18		26.28
2000-03-19		24.56
2000-03-20		22.98
2000-03-21		21.76
2000-03-22		20.95
2000-03-23		32.15
2000-03-24		38.6
2000-03-25		29.86
2000-03-26		26.11
2000-03-27		23.57
2000-03-28		21.71
2000-03-29		20.49
2000-03-30		19.68
2000-03-31		19.32
2000-04-01		18.71
2000-04-02		19.24
2000-04-03		19.91
2000-04-04		18.26
2000-04-05		16.99
2000-04-06		15.98
2000-04-07		15.27
2000-04-08		15.02
2000-04-09		14.68
2000-04-10		14.38
2000-04-11		17.52
2000-04-12		38.36
2000-04-13		73.77
2000-04-14		46.46
2000-04-15		34.43
2000-04-16		29.35
2000-04-17		37
2000-04-18		34.39
2000-04-19		28.94
2000-04-20		33.96
2000-04-21		39.28
2000-04-22		38.64
2000-04-23		32.18
2000-04-24		33.46
2000-04-25		116.4
2000-04-26		229.6
2000-04-27		144
2000-04-28		84.02
2000-04-29		62.26
2000-04-30		49.33
2000-05-01		41.27
2000-05-02		35.54
2000-05-03		31.64
2000-05-04		28.43
2000-05-05		26.02
2000-05-06		23.9
2000-05-07		22.02
2000-05-08		20.38
2000-05-09		19.39
2000-05-10		18.75
2000-05-11		17.67
2000-05-12		16.51
2000-05-13		15.63
2000-05-14		14.94
2000-05-15		14.57
2000-05-16		15.82
2000-05-17		30.08
2000-05-18		18.92
2000-05-19		16.84
2000-05-20		16.16
2000-05-21		15.98
2000-05-22		14.46
2000-05-23		13.9
2000-05-24		13.8
2000-05-25		13.6
2000-05-26		13.9
2000-05-27		18.47
2000-05-28		14.88
2000-05-29		13.86
2000-05-30		12.75
2000-05-31		10.1
2000-06-01		10.41
2000-06-02		9.991
2000-06-03		10.61
2000-06-04		19.64
2000-06-05		13.98
2000-06-06		14.29
2000-06-07		14.14
2000-06-08		12.87
2000-06-09		27.01
2000-06-10		26.55
2000-06-11		22.57
2000-06-12		19.04
2000-06-13		22.36
2000-06-14		15.75
2000-06-15		13.51
2000-06-16		11.96
2000-06-17		11.19
2000-06-18		10.52
2000-06-19		9.811
2000-06-20		9.568
2000-06-21		11.38
2000-06-22		13.28
2000-06-23		10.91
2000-06-24		9.577
2000-06-25		8.94
2000-06-26		8.582
2000-06-27		8.347
2000-06-28		8.992
2000-06-29		10.14
2000-06-30		7.981
2000-07-01		7.567
2000-07-02		7.426
2000-07-03		7.382
2000-07-04		7.168
2000-07-05		8.209
2000-07-06		11.11
2000-07-07		8.15
2000-07-08		7.686
2000-07-09		11.33
2000-07-10		25.89
2000-07-11		13.47
2000-07-12		10.43
2000-07-13		9.475
2000-07-14		8.491
2000-07-15		8.003
2000-07-16		7.572
2000-07-17		7.205
2000-07-18		7.025
2000-07-19		6.926
2000-07-20		7.011
2000-07-21		6.46
2000-07-22		6.358
2000-07-23		6.27
2000-07-24		6.336
2000-07-25		6.433
2000-07-26		6.91
2000-07-27		8.567
2000-07-28		7.294
2000-07-29		11.05
2000-07-30		11.45
2000-07-31		9.142
2000-08-01		12.22
2000-08-02		11.76
2000-08-03		12.54
2000-08-04		9.936
2000-08-05		9.842
2000-08-06		9.007
2000-08-07		7.631
2000-08-08		7.318
2000-08-09		10.9
2000-08-10		13.5
2000-08-11		9.535
2000-08-12		8.442
2000-08-13		19.27
2000-08-14		39.5
2000-08-15		17.66
2000-08-16		16.2
2000-08-17		21.99
2000-08-18		23.02
2000-08-19		37.91
2000-08-20		33.4
2000-08-21		35.06
2000-08-22		28.12
2000-08-23		21.1
2000-08-24		17.55
2000-08-25		15.3
2000-08-26		18.71
2000-08-27		18.68
2000-08-28		16.62
2000-08-29		15.1
2000-08-30		15.05
2000-08-31		37.39
2000-09-01		35.17
2000-09-02		32.5
2000-09-03		22.61
2000-09-04		18.24
2000-09-05		16.9
2000-09-06		46.26
2000-09-07		35.6
2000-09-08		26.75
2000-09-09		21.88
2000-09-10		20.14
2000-09-11		163.3
2000-09-12		65.03
2000-09-13		44.52
2000-09-14		36.48
2000-09-15		33.43
2000-09-16		28.19
2000-09-17		26.05
2000-09-18		40.36
2000-09-19		51.89
2000-09-20		146.8
2000-09-21		73.47
2000-09-22		72.39
2000-09-23		51.78
2000-09-24		44.44
2000-09-25		48.11
2000-09-26		51.94
2000-09-27		92.71
2000-09-28		78.02
2000-09-29		54.93
2000-09-30		43.61
2000-10-01		37.11
2000-10-02		32.48
2000-10-03		37.88
2000-10-04		56.88
2000-10-05		47.09
2000-10-06		34.44
2000-10-07		47.47
2000-10-08		42.88
2000-10-09		129.5
2000-10-10		103.8
2000-10-11		81.63
2000-10-12		69.57
2000-10-13		54.73
2000-10-14		47.1
2000-10-15		40.14
2000-10-16		35.28
2000-10-17		32
2000-10-18		45.59
2000-10-19		32.63
2000-10-20		33.71
2000-10-21		31.01
2000-10-22		26.62
2000-10-23		86.71
2000-10-24		126
2000-10-25		237.2
2000-10-26		90.35
2000-10-27		79.49
2000-10-28		85.89
2000-10-29		75.84
2000-10-30		56.84
2000-10-31		52.12
2000-11-01		48.56
2000-11-02		45.29
2000-11-03		38.83
2000-11-04		34.39
2000-11-05		31.9
2000-11-06		156.5
2000-11-07		288.1
2000-11-08		245.9
2000-11-09		133.5
2000-11-10		90.86
2000-11-11		106.6
2000-11-12		144.4
2000-11-13		92.92
2000-11-14		70
2000-11-15		63.26
2000-11-16		77.42
2000-11-17		57.13
2000-11-18		51.84
2000-11-19		48.66
2000-11-20		41.51
2000-11-21		37.23
2000-11-22		39.4
2000-11-23		37.55
2000-11-24		33.29
2000-11-25		49.3
2000-11-26		57.5
2000-11-27		48.4
2000-11-28		83.22
2000-11-29		94.77
2000-11-30		77.5
2000-12-01		145.4
2000-12-02		171.6
2000-12-03		114.1
2000-12-04		197.7
2000-12-05		257.4
2000-12-06		175.6
2000-12-07		144
2000-12-08		295.9
2000-12-09		188.3
2000-12-10		132
2000-12-11		103
2000-12-12		212.1
2000-12-13		182.7
2000-12-14		105.4
2000-12-15		77.77
2000-12-16		62.34
2000-12-17		51.9
2000-12-18		44.97
2000-12-19		43.41
2000-12-20		50.36
2000-12-21		38.85
2000-12-22		34.21
2000-12-23		31.77
2000-12-24		31.48
2000-12-25		28.3
2000-12-26		25.64
2000-12-27		23.87
2000-12-28		23.47
2000-12-29		21
2000-12-30		19.86
2000-12-31		22.51
